-1000 0.000126598 
-996.661 0.000127418 
-993.322 0.000128246 
-989.983 0.000129083 
-986.644 0.000129927 
-983.305 0.00013078 
-979.967 0.000131641 
-976.628 0.000132511 
-973.289 0.000133389 
-969.95 0.000134277 
-966.611 0.000135173 
-963.272 0.000136078 
-959.933 0.000136992 
-956.594 0.000137916 
-953.255 0.000138849 
-949.917 0.000139791 
-946.578 0.000140743 
-943.239 0.000141705 
-939.9 0.000142677 
-936.561 0.000143659 
-933.222 0.000144651 
-929.883 0.000145653 
-926.544 0.000146666 
-923.205 0.00014769 
-919.866 0.000148724 
-916.528 0.00014977 
-913.189 0.000150826 
-909.85 0.000151894 
-906.511 0.000152973 
-903.172 0.000154063 
-899.833 0.000155165 
-896.494 0.00015628 
-893.155 0.000157406 
-889.816 0.000158544 
-886.477 0.000159695 
-883.139 0.000160859 
-879.8 0.000162035 
-876.461 0.000163225 
-873.122 0.000164427 
-869.783 0.000165643 
-866.444 0.000166872 
-863.105 0.000168116 
-859.766 0.000169373 
-856.427 0.000170644 
-853.089 0.00017193 
-849.75 0.000173231 
-846.411 0.000174546 
-843.072 0.000175876 
-839.733 0.000177222 
-836.394 0.000178583 
-833.055 0.00017996 
-829.716 0.000181353 
-826.377 0.000182762 
-823.038 0.000184188 
-819.7 0.00018563 
-816.361 0.00018709 
-813.022 0.000188567 
-809.683 0.000190062 
-806.344 0.000191574 
-803.005 0.000193105 
-799.666 0.000194654 
-796.327 0.000196221 
-792.988 0.000197808 
-789.649 0.000199414 
-786.311 0.00020104 
-782.972 0.000202686 
-779.633 0.000204353 
-776.294 0.00020604 
-772.955 0.000207747 
-769.616 0.000209477 
-766.277 0.000211228 
-762.938 0.000213001 
-759.599 0.000214797 
-756.26 0.000216615 
-752.922 0.000218457 
-749.583 0.000220322 
-746.244 0.000222212 
-742.905 0.000224125 
-739.566 0.000226064 
-736.227 0.000228028 
-732.888 0.000230018 
-729.549 0.000232034 
-726.21 0.000234077 
-722.871 0.000236147 
-719.533 0.000238244 
-716.194 0.00024037 
-712.855 0.000242524 
-709.516 0.000244708 
-706.177 0.000246921 
-702.838 0.000249164 
-699.499 0.000251438 
-696.16 0.000253743 
-692.821 0.000256081 
-689.482 0.000258451 
-686.144 0.000260853 
-682.805 0.00026329 
-679.466 0.000265761 
-676.127 0.000268267 
-672.788 0.000270809 
-669.449 0.000273387 
-666.11 0.000276002 
-662.771 0.000278655 
-659.432 0.000281347 
-656.094 0.000284077 
-652.755 0.000286848 
-649.416 0.00028966 
-646.077 0.000292513 
-642.738 0.000295409 
-639.399 0.000298347 
-636.06 0.000301331 
-632.721 0.000304359 
-629.382 0.000307433 
-626.043 0.000310554 
-622.705 0.000313723 
-619.366 0.00031694 
-616.027 0.000320208 
-612.688 0.000323526 
-609.349 0.000326896 
-606.01 0.00033032 
-602.671 0.000333797 
-599.332 0.00033733 
-595.993 0.00034092 
-592.654 0.000344567 
-589.316 0.000348273 
-585.977 0.000352039 
-582.638 0.000355866 
-579.299 0.000359757 
-575.96 0.000363712 
-572.621 0.000367732 
-569.282 0.00037182 
-565.943 0.000375976 
-562.604 0.000380203 
-559.265 0.000384501 
-555.927 0.000388873 
-552.588 0.00039332 
-549.249 0.000397843 
-545.91 0.000402446 
-542.571 0.000407128 
-539.232 0.000411893 
-535.893 0.000416743 
-532.554 0.000421679 
-529.215 0.000426703 
-525.876 0.000431817 
-522.538 0.000437024 
-519.199 0.000442326 
-515.86 0.000447726 
-512.521 0.000453224 
-509.182 0.000458825 
-505.843 0.000464531 
-502.504 0.000470344 
-499.165 0.000476267 
-495.826 0.000482303 
-492.487 0.000488454 
-489.149 0.000494724 
-485.81 0.000501115 
-482.471 0.000507632 
-479.132 0.000514276 
-475.793 0.000521052 
-472.454 0.000527964 
-469.115 0.000535013 
-465.776 0.000542205 
-462.437 0.000549544 
-459.099 0.000557032 
-455.76 0.000564675 
-452.421 0.000572476 
-449.082 0.000580441 
-445.743 0.000588573 
-442.404 0.000596877 
-439.065 0.000605359 
-435.726 0.000614023 
-432.387 0.000622875 
-429.048 0.00063192 
-425.71 0.000641163 
-422.371 0.000650611 
-419.032 0.00066027 
-415.693 0.000670146 
-412.354 0.000680245 
-409.015 0.000690575 
-405.676 0.000701142 
-402.337 0.000711954 
-398.998 0.000723018 
-395.659 0.000734343 
-392.321 0.000745936 
-388.982 0.000757806 
-385.643 0.000769962 
-382.304 0.000782413 
-378.965 0.00079517 
-375.626 0.000808241 
-372.287 0.000821637 
-368.948 0.00083537 
-365.609 0.000849451 
-362.27 0.000863891 
-358.932 0.000878703 
-355.593 0.0008939 
-352.254 0.000909495 
-348.915 0.000925502 
-345.576 0.000941936 
-342.237 0.000958812 
-338.898 0.000976147 
-335.559 0.000993956 
-332.22 0.00101226 
-328.881 0.00103107 
-325.543 0.00105041 
-322.204 0.00107031 
-318.865 0.00109077 
-315.526 0.00111183 
-312.187 0.0011335 
-308.848 0.00115582 
-305.509 0.0011788 
-302.17 0.00120248 
-298.831 0.00122687 
-295.492 0.00125202 
-292.154 0.00127795 
-288.815 0.00130469 
-285.476 0.00133229 
-282.137 0.00136077 
-278.798 0.00139017 
-275.459 0.00142054 
-272.12 0.00145191 
-268.781 0.00148434 
-265.442 0.00151787 
-262.104 0.00155255 
-258.765 0.00158843 
-255.426 0.00162558 
-252.087 0.00166404 
-248.748 0.00170389 
-245.409 0.00174518 
-242.07 0.001788 
-238.731 0.00183242 
-235.392 0.00187851 
-232.053 0.00192637 
-228.715 0.00197608 
-225.376 0.00202775 
-222.037 0.00208147 
-218.698 0.00213736 
-215.359 0.00219553 
-212.02 0.00225611 
-208.681 0.00231924 
-205.342 0.00238506 
-202.003 0.00245373 
-198.664 0.00252541 
-195.326 0.00260028 
-191.987 0.00267854 
-188.648 0.00276039 
-185.309 0.00284606 
-181.97 0.00293578 
-178.631 0.00302982 
-175.292 0.00312846 
-171.953 0.00323201 
-168.614 0.00334079 
-165.275 0.00345516 
-161.937 0.00357553 
-158.598 0.0037023 
-155.259 0.00383595 
-151.92 0.00397699 
-148.581 0.00412596 
-145.242 0.00428348 
-141.903 0.00445022 
-138.564 0.0046269 
-135.225 0.00481434 
-131.886 0.00501343 
-128.548 0.00522516 
-125.209 0.00545062 
-121.87 0.00569104 
-118.531 0.00594775 
-115.192 0.00622229 
-111.853 0.00651633 
-108.514 0.00683177 
-105.175 0.00717076 
-101.836 0.00753569 
-98.4975 0.0079293 
-95.1586 0.00835468 
-91.8197 0.00881534 
-88.4808 0.00931532 
-85.1419 0.00985925 
-81.803 0.0104524 
-78.4641 0.011101 
-75.1252 0.0118122 
-71.7863 0.0125943 
-68.4474 0.0134572 
-65.1085 0.0144124 
-61.7696 0.0154735 
-58.4307 0.0166571 
-55.0918 0.0179828 
-51.7529 0.0194745 
-48.414 0.0211613 
-45.0751 0.0230791 
-41.7362 0.0252725 
-38.3973 0.0277974 
-35.0584 0.0307249 
-31.7195 0.0341467 
-28.3806 0.0381823 
-25.0417 0.04299 
-21.7028 0.048784 
-18.3639 0.0558599 
-15.025 0.0646356 
-11.6861 0.0757193 
-8.34725 0.0900285 
-5.00835 0.109007 
-1.66945 0.135055 
1.66945 0.172463 
5.00835 0.229726 
8.34725 0.326553 
11.6861 0.524752 
15.025 1.28577 
18.3639 1.853 
21.7028 1.86957 
25.0417 1.86304 
28.3806 1.84967 
31.7195 1.83096 
35.0584 1.80557 
38.3973 1.76933 
41.7362 1.71083 
45.0751 1.58404 
48.414 1.11178 
51.7529 0.561016 
55.0918 0.344226 
58.4307 0.23983 
61.7696 0.178881 
65.1085 0.139423 
68.4474 0.112129 
71.7863 0.0923433 
75.1252 0.0774857 
78.4641 0.0660149 
81.803 0.0569578 
85.1419 0.049672 
88.4808 0.0437181 
91.8197 0.0387863 
95.1586 0.034653 
98.4975 0.0311532 
101.836 0.0281624 
105.175 0.0255859 
108.514 0.02335 
111.853 0.0213967 
115.192 0.0196801 
118.531 0.0181633 
121.87 0.0168162 
125.209 0.0156143 
128.548 0.0145373 
131.886 0.0135685 
135.225 0.0126938 
138.564 0.0119013 
141.903 0.011181 
145.242 0.0105244 
148.581 0.00992415 
151.92 0.00937396 
155.259 0.0088684 
158.598 0.00840277 
161.937 0.00797295 
165.275 0.00757535 
168.614 0.00720683 
171.953 0.00686462 
175.292 0.00654625 
178.631 0.00624957 
181.97 0.00597264 
185.309 0.00571375 
188.648 0.00547135 
191.987 0.00524408 
195.326 0.0050307 
198.664 0.0048301 
202.003 0.00464127 
205.342 0.00446332 
208.681 0.00429542 
212.02 0.00413683 
215.359 0.00398686 
218.698 0.00384492 
222.037 0.00371043 
225.376 0.00358287 
228.715 0.00346179 
232.053 0.00334675 
235.392 0.00323735 
238.731 0.00313323 
242.07 0.00303406 
245.409 0.00293953 
248.748 0.00284934 
252.087 0.00276325 
255.426 0.002681 
258.765 0.00260237 
262.104 0.00252715 
265.442 0.00245515 
268.781 0.00238618 
272.12 0.00232008 
275.459 0.00225669 
278.798 0.00219586 
282.137 0.00213745 
285.476 0.00208135 
288.815 0.00202743 
292.154 0.00197558 
295.492 0.00192569 
298.831 0.00187766 
302.17 0.00183141 
305.509 0.00178685 
308.848 0.0017439 
312.187 0.00170247 
315.526 0.00166251 
318.865 0.00162393 
322.204 0.00158668 
325.543 0.0015507 
328.881 0.00151593 
332.22 0.00148232 
335.559 0.00144981 
338.898 0.00141835 
342.237 0.00138791 
345.576 0.00135844 
348.915 0.0013299 
352.254 0.00130225 
355.593 0.00127545 
358.932 0.00124947 
362.27 0.00122427 
365.609 0.00119983 
368.948 0.00117612 
372.287 0.0011531 
375.626 0.00113075 
378.965 0.00110904 
382.304 0.00108795 
385.643 0.00106745 
388.982 0.00104753 
392.321 0.00102817 
395.659 0.00100933 
398.998 0.000991006 
402.337 0.000973176 
405.676 0.000955823 
409.015 0.00093893 
412.354 0.000922481 
415.693 0.00090646 
419.032 0.000890852 
422.371 0.000875644 
425.71 0.000860821 
429.048 0.000846372 
432.387 0.000832283 
435.726 0.000818543 
439.065 0.000805139 
442.404 0.000792063 
445.743 0.000779302 
449.082 0.000766846 
452.421 0.000754687 
455.76 0.000742814 
459.099 0.000731219 
462.437 0.000719894 
465.776 0.000708829 
469.115 0.000698017 
472.454 0.00068745 
475.793 0.000677122 
479.132 0.000667024 
482.471 0.00065715 
485.81 0.000647494 
489.149 0.000638048 
492.487 0.000628808 
495.826 0.000619767 
499.165 0.000610919 
502.504 0.000602259 
505.843 0.000593782 
509.182 0.000585482 
512.521 0.000577356 
515.86 0.000569396 
519.199 0.000561601 
522.538 0.000553964 
525.876 0.000546481 
529.215 0.000539149 
532.554 0.000531964 
535.893 0.000524921 
539.232 0.000518016 
542.571 0.000511247 
545.91 0.00050461 
549.249 0.000498101 
552.588 0.000491717 
555.927 0.000485454 
559.265 0.000479311 
562.604 0.000473283 
565.943 0.000467368 
569.282 0.000461563 
572.621 0.000455866 
575.96 0.000450273 
579.299 0.000444782 
582.638 0.000439392 
585.977 0.000434098 
589.316 0.000428899 
592.654 0.000423793 
595.993 0.000418778 
599.332 0.000413851 
602.671 0.00040901 
606.01 0.000404254 
609.349 0.00039958 
612.688 0.000394986 
616.027 0.000390472 
619.366 0.000386034 
622.705 0.000381671 
626.043 0.000377381 
629.382 0.000373164 
632.721 0.000369016 
636.06 0.000364938 
639.399 0.000360926 
642.738 0.00035698 
646.077 0.000353099 
649.416 0.00034928 
652.755 0.000345523 
656.094 0.000341826 
659.432 0.000338188 
662.771 0.000334608 
666.11 0.000331084 
669.449 0.000327615 
672.788 0.000324201 
676.127 0.000320839 
679.466 0.00031753 
682.805 0.000314271 
686.144 0.000311062 
689.482 0.000307902 
692.821 0.00030479 
696.16 0.000301725 
699.499 0.000298706 
702.838 0.000295731 
706.177 0.000292801 
709.516 0.000289914 
712.855 0.00028707 
716.194 0.000284267 
719.533 0.000281505 
722.871 0.000278783 
726.21 0.0002761 
729.549 0.000273455 
732.888 0.000270849 
736.227 0.000268279 
739.566 0.000265746 
742.905 0.000263248 
746.244 0.000260786 
749.583 0.000258357 
752.922 0.000255963 
756.26 0.000253601 
759.599 0.000251272 
762.938 0.000248975 
766.277 0.000246709 
769.616 0.000244474 
772.955 0.000242269 
776.294 0.000240094 
779.633 0.000237948 
782.972 0.00023583 
786.311 0.00023374 
789.649 0.000231679 
792.988 0.000229644 
796.327 0.000227636 
799.666 0.000225654 
803.005 0.000223697 
806.344 0.000221767 
809.683 0.00021986 
813.022 0.000217979 
816.361 0.000216121 
819.7 0.000214287 
823.038 0.000212476 
826.377 0.000210688 
829.716 0.000208922 
833.055 0.000207179 
836.394 0.000205457 
839.733 0.000203756 
843.072 0.000202077 
846.411 0.000200418 
849.75 0.000198779 
853.089 0.000197161 
856.427 0.000195562 
859.766 0.000193982 
863.105 0.000192422 
866.444 0.00019088 
869.783 0.000189356 
873.122 0.000187851 
876.461 0.000186363 
879.8 0.000184893 
883.139 0.000183441 
886.477 0.000182005 
889.816 0.000180586 
893.155 0.000179184 
896.494 0.000177798 
899.833 0.000176427 
903.172 0.000175073 
906.511 0.000173734 
909.85 0.00017241 
913.189 0.000171102 
916.528 0.000169808 
919.866 0.000168529 
923.205 0.000167264 
926.544 0.000166013 
929.883 0.000164777 
933.222 0.000163554 
936.561 0.000162344 
939.9 0.000161148 
943.239 0.000159965 
946.578 0.000158795 
949.917 0.000157638 
953.255 0.000156493 
956.594 0.000155361 
959.933 0.000154241 
963.272 0.000153132 
966.611 0.000152036 
969.95 0.000150952 
973.289 0.000149879 
976.628 0.000148817 
979.967 0.000147767 
983.305 0.000146728 
986.644 0.000145699 
989.983 0.000144682 
993.322 0.000143675 
996.661 0.000142678 
1000 0.000141692 
