-1000 3.88384E-05 
-996.661 3.90913E-05 
-993.322 3.93467E-05 
-989.983 3.96047E-05 
-986.644 3.98651E-05 
-983.305 4.01282E-05 
-979.967 4.03939E-05 
-976.628 4.06622E-05 
-973.289 4.09333E-05 
-969.95 4.1207E-05 
-966.611 4.14836E-05 
-963.272 4.17629E-05 
-959.933 4.20451E-05 
-956.594 4.23301E-05 
-953.255 4.26181E-05 
-949.917 4.2909E-05 
-946.578 4.3203E-05 
-943.239 4.34999E-05 
-939.9 4.38E-05 
-936.561 4.41031E-05 
-933.222 4.44095E-05 
-929.883 4.4719E-05 
-926.544 4.50319E-05 
-923.205 4.5348E-05 
-919.866 4.56674E-05 
-916.528 4.59903E-05 
-913.189 4.63166E-05 
-909.85 4.66464E-05 
-906.511 4.69798E-05 
-903.172 4.73167E-05 
-899.833 4.76574E-05 
-896.494 4.80017E-05 
-893.155 4.83497E-05 
-889.816 4.87016E-05 
-886.477 4.90573E-05 
-883.139 4.9417E-05 
-879.8 4.97806E-05 
-876.461 5.01483E-05 
-873.122 5.05201E-05 
-869.783 5.08961E-05 
-866.444 5.12762E-05 
-863.105 5.16607E-05 
-859.766 5.20495E-05 
-856.427 5.24428E-05 
-853.089 5.28405E-05 
-849.75 5.32428E-05 
-846.411 5.36497E-05 
-843.072 5.40613E-05 
-839.733 5.44776E-05 
-836.394 5.48988E-05 
-833.055 5.5325E-05 
-829.716 5.57561E-05 
-826.377 5.61923E-05 
-823.038 5.66336E-05 
-819.7 5.70802E-05 
-816.361 5.75321E-05 
-813.022 5.79894E-05 
-809.683 5.84522E-05 
-806.344 5.89206E-05 
-803.005 5.93946E-05 
-799.666 5.98745E-05 
-796.327 6.03601E-05 
-792.988 6.08517E-05 
-789.649 6.13494E-05 
-786.311 6.18532E-05 
-782.972 6.23632E-05 
-779.633 6.28796E-05 
-776.294 6.34025E-05 
-772.955 6.39319E-05 
-769.616 6.4468E-05 
-766.277 6.50109E-05 
-762.938 6.55607E-05 
-759.599 6.61175E-05 
-756.26 6.66814E-05 
-752.922 6.72527E-05 
-749.583 6.78313E-05 
-746.244 6.84174E-05 
-742.905 6.90112E-05 
-739.566 6.96128E-05 
-736.227 7.02223E-05 
-732.888 7.08398E-05 
-729.549 7.14656E-05 
-726.21 7.20997E-05 
-722.871 7.27423E-05 
-719.533 7.33935E-05 
-716.194 7.40536E-05 
-712.855 7.47226E-05 
-709.516 7.54007E-05 
-706.177 7.60882E-05 
-702.838 7.67851E-05 
-699.499 7.74917E-05 
-696.16 7.82081E-05 
-692.821 7.89345E-05 
-689.482 7.9671E-05 
-686.144 8.0418E-05 
-682.805 8.11755E-05 
-679.466 8.19439E-05 
-676.127 8.27232E-05 
-672.788 8.35137E-05 
-669.449 8.43156E-05 
-666.11 8.51292E-05 
-662.771 8.59546E-05 
-659.432 8.67921E-05 
-656.094 8.76419E-05 
-652.755 8.85043E-05 
-649.416 8.93795E-05 
-646.077 9.02678E-05 
-642.738 9.11695E-05 
-639.399 9.20847E-05 
-636.06 9.30139E-05 
-632.721 9.39572E-05 
-629.382 9.49149E-05 
-626.043 9.58874E-05 
-622.705 9.6875E-05 
-619.366 9.78779E-05 
-616.027 9.88965E-05 
-612.688 9.99312E-05 
-609.349 0.000100982 
-606.01 0.00010205 
-602.671 0.000103135 
-599.332 0.000104237 
-595.993 0.000105357 
-592.654 0.000106495 
-589.316 0.000107652 
-585.977 0.000108828 
-582.638 0.000110023 
-579.299 0.000111238 
-575.96 0.000112473 
-572.621 0.000113729 
-569.282 0.000115006 
-565.943 0.000116305 
-562.604 0.000117626 
-559.265 0.00011897 
-555.927 0.000120337 
-552.588 0.000121728 
-549.249 0.000123143 
-545.91 0.000124582 
-542.571 0.000126048 
-539.232 0.000127539 
-535.893 0.000129057 
-532.554 0.000130602 
-529.215 0.000132176 
-525.876 0.000133778 
-522.538 0.000135409 
-519.199 0.000137071 
-515.86 0.000138763 
-512.521 0.000140487 
-509.182 0.000142243 
-505.843 0.000144032 
-502.504 0.000145856 
-499.165 0.000147714 
-495.826 0.000149609 
-492.487 0.000151539 
-489.149 0.000153508 
-485.81 0.000155515 
-482.471 0.000157562 
-479.132 0.00015965 
-475.793 0.00016178 
-472.454 0.000163952 
-469.115 0.000166169 
-465.776 0.000168431 
-462.437 0.00017074 
-459.099 0.000173097 
-455.76 0.000175502 
-452.421 0.000177959 
-449.082 0.000180467 
-445.743 0.000183029 
-442.404 0.000185646 
-439.065 0.000188319 
-435.726 0.000191051 
-432.387 0.000193843 
-429.048 0.000196696 
-425.71 0.000199614 
-422.371 0.000202596 
-419.032 0.000205646 
-415.693 0.000208766 
-412.354 0.000211957 
-409.015 0.000215222 
-405.676 0.000218563 
-402.337 0.000221983 
-398.998 0.000225484 
-395.659 0.000229068 
-392.321 0.000232739 
-388.982 0.000236499 
-385.643 0.00024035 
-382.304 0.000244297 
-378.965 0.000248342 
-375.626 0.000252488 
-372.287 0.000256739 
-368.948 0.000261099 
-365.609 0.000265571 
-362.27 0.000270159 
-358.932 0.000274867 
-355.593 0.000279699 
-352.254 0.00028466 
-348.915 0.000289755 
-345.576 0.000294987 
-342.237 0.000300363 
-338.898 0.000305887 
-335.559 0.000311566 
-332.22 0.000317404 
-328.881 0.000323408 
-325.543 0.000329584 
-322.204 0.00033594 
-318.865 0.000342481 
-315.526 0.000349215 
-312.187 0.00035615 
-308.848 0.000363294 
-305.509 0.000370656 
-302.17 0.000378244 
-298.831 0.000386067 
-295.492 0.000394137 
-292.154 0.000402462 
-288.815 0.000411054 
-285.476 0.000419925 
-282.137 0.000429086 
-278.798 0.000438551 
-275.459 0.000448333 
-272.12 0.000458446 
-268.781 0.000468906 
-265.442 0.000479728 
-262.104 0.00049093 
-258.765 0.000502529 
-255.426 0.000514545 
-252.087 0.000526998 
-248.748 0.000539909 
-245.409 0.000553301 
-242.07 0.000567198 
-238.731 0.000581626 
-235.392 0.000596612 
-232.053 0.000612186 
-228.715 0.000628378 
-225.376 0.000645223 
-222.037 0.000662754 
-218.698 0.000681011 
-215.359 0.000700034 
-212.02 0.000719867 
-208.681 0.000740555 
-205.342 0.000762149 
-202.003 0.000784703 
-198.664 0.000808275 
-195.326 0.000832926 
-191.987 0.000858724 
-188.648 0.000885741 
-185.309 0.000914055 
-181.97 0.00094375 
-178.631 0.000974919 
-175.292 0.00100766 
-171.953 0.00104208 
-168.614 0.0010783 
-165.275 0.00111644 
-161.937 0.00115664 
-158.598 0.00119906 
-155.259 0.00124386 
-151.92 0.00129122 
-148.581 0.00134135 
-145.242 0.00139445 
-141.903 0.00145078 
-138.564 0.00151059 
-135.225 0.00157419 
-131.886 0.0016419 
-128.548 0.00171408 
-125.209 0.00179113 
-121.87 0.00187351 
-118.531 0.00196172 
-115.192 0.00205632 
-111.853 0.00215794 
-108.514 0.0022673 
-105.175 0.00238521 
-101.836 0.00251258 
-98.4975 0.00265046 
-95.1586 0.00280003 
-91.8197 0.00296267 
-88.4808 0.00313993 
-85.1419 0.00333364 
-81.803 0.00354589 
-78.4641 0.00377914 
-75.1252 0.00403626 
-71.7863 0.00432064 
-68.4474 0.00463627 
-65.1085 0.00498793 
-61.7696 0.00538134 
-58.4307 0.00582341 
-55.0918 0.00632255 
-51.7529 0.00688907 
-48.414 0.00753572 
-45.0751 0.00827848 
-41.7362 0.00913748 
-38.3973 0.0101385 
-35.0584 0.011315 
-31.7195 0.0127108 
-28.3806 0.0143846 
-25.0417 0.0164165 
-21.7028 0.0189178 
-18.3639 0.0220478 
-15.025 0.0260404 
-11.6861 0.0312526 
-8.34725 0.0382529 
-5.00835 0.0479972 
-1.66945 0.062213 
1.66945 0.084344 
5.00835 0.122341 
8.34725 0.199868 
11.6861 0.452333 
15.025 0.952811 
18.3639 0.955254 
21.7028 0.950747 
25.0417 0.94314 
28.3806 0.931777 
31.7195 0.913177 
35.0584 0.872692 
38.3973 0.579249 
41.7362 0.227875 
45.0751 0.13428 
48.414 0.0908033 
51.7529 0.0661686 
55.0918 0.0506165 
58.4307 0.0400847 
61.7696 0.032587 
65.1085 0.0270437 
68.4474 0.0228216 
71.7863 0.0195272 
75.1252 0.0169049 
78.4641 0.0147819 
81.803 0.0130382 
85.1419 0.0115878 
88.4808 0.0103681 
91.8197 0.00933234 
95.1586 0.00844515 
98.4975 0.00767928 
101.836 0.00701349 
105.175 0.00643099 
108.514 0.00591841 
111.853 0.00546495 
115.192 0.00506183 
118.531 0.00470184 
121.87 0.00437902 
125.209 0.00408842 
128.548 0.00382587 
131.886 0.00358788 
135.225 0.00337146 
138.564 0.00317408 
141.903 0.00299357 
145.242 0.00282805 
148.581 0.00267591 
151.92 0.00253574 
155.259 0.00240631 
158.598 0.00228656 
161.937 0.00217553 
165.275 0.00207241 
168.614 0.00197646 
171.953 0.00188702 
175.292 0.00180353 
178.631 0.00172546 
181.97 0.00165235 
185.309 0.0015838 
188.648 0.00151942 
191.987 0.0014589 
195.326 0.00140192 
198.664 0.00134822 
202.003 0.00129755 
205.342 0.00124968 
208.681 0.00120441 
212.02 0.00116156 
215.359 0.00112096 
218.698 0.00108245 
222.037 0.00104589 
225.376 0.00101115 
228.715 0.000978114 
232.053 0.000946671 
235.392 0.00091672 
238.731 0.000888169 
242.07 0.00086093 
245.409 0.000834926 
248.748 0.000810082 
252.087 0.00078633 
255.426 0.000763608 
258.765 0.000741856 
262.104 0.000721021 
265.442 0.000701051 
268.781 0.000681899 
272.12 0.000663521 
275.459 0.000645875 
278.798 0.000628924 
282.137 0.000612632 
285.476 0.000596964 
288.815 0.00058189 
292.154 0.000567379 
295.492 0.000553404 
298.831 0.000539938 
302.17 0.000526958 
305.509 0.000514441 
308.848 0.000502363 
312.187 0.000490706 
315.526 0.00047945 
318.865 0.000468577 
322.204 0.000458069 
325.543 0.00044791 
328.881 0.000438085 
332.22 0.00042858 
335.559 0.000419381 
338.898 0.000410474 
342.237 0.000401848 
345.576 0.000393491 
348.915 0.000385392 
352.254 0.00037754 
355.593 0.000369925 
358.932 0.000362539 
362.27 0.000355371 
365.609 0.000348414 
368.948 0.000341658 
372.287 0.000335097 
375.626 0.000328723 
378.965 0.000322529 
382.304 0.000316509 
385.643 0.000310655 
388.982 0.000304962 
392.321 0.000299424 
395.659 0.000294035 
398.998 0.000288791 
402.337 0.000283685 
405.676 0.000278713 
409.015 0.000273871 
412.354 0.000269154 
415.693 0.000264557 
419.032 0.000260077 
422.371 0.00025571 
425.71 0.000251452 
429.048 0.000247299 
432.387 0.000243248 
435.726 0.000239296 
439.065 0.000235439 
442.404 0.000231674 
445.743 0.000227999 
449.082 0.000224411 
452.421 0.000220906 
455.76 0.000217483 
459.099 0.000214139 
462.437 0.000210871 
465.776 0.000207678 
469.115 0.000204556 
472.454 0.000201504 
475.793 0.00019852 
479.132 0.000195601 
482.471 0.000192747 
485.81 0.000189954 
489.149 0.000187221 
492.487 0.000184547 
495.826 0.00018193 
499.165 0.000179368 
502.504 0.000176859 
505.843 0.000174403 
509.182 0.000171998 
512.521 0.000169642 
515.86 0.000167333 
519.199 0.000165072 
522.538 0.000162856 
525.876 0.000160684 
529.215 0.000158556 
532.554 0.000156469 
535.893 0.000154423 
539.232 0.000152418 
542.571 0.00015045 
545.91 0.000148521 
549.249 0.000146628 
552.588 0.000144772 
555.927 0.00014295 
559.265 0.000141162 
562.604 0.000139408 
565.943 0.000137686 
569.282 0.000135996 
572.621 0.000134337 
575.96 0.000132707 
579.299 0.000131108 
582.638 0.000129536 
585.977 0.000127993 
589.316 0.000126478 
592.654 0.000124989 
595.993 0.000123526 
599.332 0.000122088 
602.671 0.000120676 
606.01 0.000119288 
609.349 0.000117923 
612.688 0.000116582 
616.027 0.000115264 
619.366 0.000113968 
622.705 0.000112693 
626.043 0.00011144 
629.382 0.000110207 
632.721 0.000108995 
636.06 0.000107802 
639.399 0.000106629 
642.738 0.000105475 
646.077 0.00010434 
649.416 0.000103223 
652.755 0.000102124 
656.094 0.000101042 
659.432 9.99767E-05 
662.771 9.89286E-05 
666.11 9.78968E-05 
669.449 9.6881E-05 
672.788 9.5881E-05 
676.127 9.48963E-05 
679.466 9.39266E-05 
682.805 9.29718E-05 
686.144 9.20314E-05 
689.482 9.11051E-05 
692.821 9.01927E-05 
696.16 8.9294E-05 
699.499 8.84086E-05 
702.838 8.75362E-05 
706.177 8.66767E-05 
709.516 8.58298E-05 
712.855 8.49952E-05 
716.194 8.41726E-05 
719.533 8.3362E-05 
722.871 8.25629E-05 
726.21 8.17753E-05 
729.549 8.09989E-05 
732.888 8.02334E-05 
736.227 7.94787E-05 
739.566 7.87346E-05 
742.905 7.80009E-05 
746.244 7.72773E-05 
749.583 7.65638E-05 
752.922 7.58601E-05 
756.26 7.5166E-05 
759.599 7.44813E-05 
762.938 7.3806E-05 
766.277 7.31398E-05 
769.616 7.24825E-05 
772.955 7.18341E-05 
776.294 7.11942E-05 
779.633 7.05629E-05 
782.972 6.99399E-05 
786.311 6.93251E-05 
789.649 6.87184E-05 
792.988 6.81196E-05 
796.327 6.75285E-05 
799.666 6.69451E-05 
803.005 6.63692E-05 
806.344 6.58007E-05 
809.683 6.52394E-05 
813.022 6.46853E-05 
816.361 6.41382E-05 
819.7 6.3598E-05 
823.038 6.30645E-05 
826.377 6.25377E-05 
829.716 6.20175E-05 
833.055 6.15037E-05 
836.394 6.09963E-05 
839.733 6.04951E-05 
843.072 6.00001E-05 
846.411 5.9511E-05 
849.75 5.9028E-05 
853.089 5.85507E-05 
856.427 5.80792E-05 
859.766 5.76134E-05 
863.105 5.71531E-05 
866.444 5.66984E-05 
869.783 5.6249E-05 
873.122 5.58049E-05 
876.461 5.5366E-05 
879.8 5.49323E-05 
883.139 5.45037E-05 
886.477 5.408E-05 
889.816 5.36612E-05 
893.155 5.32473E-05 
896.494 5.28381E-05 
899.833 5.24336E-05 
903.172 5.20338E-05 
906.511 5.16384E-05 
909.85 5.12476E-05 
913.189 5.08611E-05 
916.528 5.0479E-05 
919.866 5.01012E-05 
923.205 4.97276E-05 
926.544 4.93582E-05 
929.883 4.89928E-05 
933.222 4.86315E-05 
936.561 4.82741E-05 
939.9 4.79206E-05 
943.239 4.7571E-05 
946.578 4.72253E-05 
949.917 4.68832E-05 
953.255 4.65448E-05 
956.594 4.62101E-05 
959.933 4.5879E-05 
963.272 4.55514E-05 
966.611 4.52273E-05 
969.95 4.49066E-05 
973.289 4.45893E-05 
976.628 4.42754E-05 
979.967 4.39647E-05 
983.305 4.36574E-05 
986.644 4.33532E-05 
989.983 4.30521E-05 
993.322 4.27542E-05 
996.661 4.24593E-05 
1000 4.21675E-05 
