-1000 8.96428E-05 
-996.661 9.02028E-05 
-993.322 9.07682E-05 
-989.983 9.13388E-05 
-986.644 9.19149E-05 
-983.305 9.24965E-05 
-979.967 9.30835E-05 
-976.628 9.36763E-05 
-973.289 9.42746E-05 
-969.95 9.48788E-05 
-966.611 9.54888E-05 
-963.272 9.61047E-05 
-959.933 9.67265E-05 
-956.594 9.73545E-05 
-953.255 9.79885E-05 
-949.917 9.86288E-05 
-946.578 9.92754E-05 
-943.239 9.99284E-05 
-939.9 0.000100588 
-936.561 0.000101254 
-933.222 0.000101927 
-929.883 0.000102606 
-926.544 0.000103292 
-923.205 0.000103985 
-919.866 0.000104685 
-916.528 0.000105393 
-913.189 0.000106107 
-909.85 0.000106829 
-906.511 0.000107558 
-903.172 0.000108295 
-899.833 0.000109039 
-896.494 0.000109791 
-893.155 0.00011055 
-889.816 0.000111318 
-886.477 0.000112094 
-883.139 0.000112878 
-879.8 0.00011367 
-876.461 0.00011447 
-873.122 0.000115279 
-869.783 0.000116097 
-866.444 0.000116923 
-863.105 0.000117758 
-859.766 0.000118603 
-856.427 0.000119456 
-853.089 0.000120318 
-849.75 0.00012119 
-846.411 0.000122072 
-843.072 0.000122963 
-839.733 0.000123864 
-836.394 0.000124775 
-833.055 0.000125696 
-829.716 0.000126627 
-826.377 0.000127568 
-823.038 0.000128521 
-819.7 0.000129483 
-816.361 0.000130457 
-813.022 0.000131442 
-809.683 0.000132438 
-806.344 0.000133445 
-803.005 0.000134464 
-799.666 0.000135495 
-796.327 0.000136537 
-792.988 0.000137592 
-789.649 0.000138659 
-786.311 0.000139738 
-782.972 0.00014083 
-779.633 0.000141935 
-776.294 0.000143053 
-772.955 0.000144184 
-769.616 0.000145329 
-766.277 0.000146487 
-762.938 0.00014766 
-759.599 0.000148846 
-756.26 0.000150047 
-752.922 0.000151263 
-749.583 0.000152493 
-746.244 0.000153738 
-742.905 0.000154999 
-739.566 0.000156275 
-736.227 0.000157567 
-732.888 0.000158876 
-729.549 0.0001602 
-726.21 0.000161541 
-722.871 0.0001629 
-719.533 0.000164275 
-716.194 0.000165668 
-712.855 0.000167079 
-709.516 0.000168508 
-706.177 0.000169955 
-702.838 0.000171421 
-699.499 0.000172906 
-696.16 0.00017441 
-692.821 0.000175935 
-689.482 0.000177479 
-686.144 0.000179044 
-682.805 0.000180629 
-679.466 0.000182236 
-676.127 0.000183864 
-672.788 0.000185514 
-669.449 0.000187187 
-666.11 0.000188882 
-662.771 0.000190601 
-659.432 0.000192343 
-656.094 0.000194109 
-652.755 0.000195899 
-649.416 0.000197715 
-646.077 0.000199555 
-642.738 0.000201422 
-639.399 0.000203315 
-636.06 0.000205235 
-632.721 0.000207182 
-629.382 0.000209157 
-626.043 0.00021116 
-622.705 0.000213193 
-619.366 0.000215255 
-616.027 0.000217346 
-612.688 0.000219469 
-609.349 0.000221623 
-606.01 0.000223809 
-602.671 0.000226027 
-599.332 0.000228278 
-595.993 0.000230564 
-592.654 0.000232883 
-589.316 0.000235238 
-585.977 0.000237629 
-582.638 0.000240057 
-579.299 0.000242522 
-575.96 0.000245025 
-572.621 0.000247568 
-569.282 0.00025015 
-565.943 0.000252772 
-562.604 0.000255436 
-559.265 0.000258143 
-555.927 0.000260893 
-552.588 0.000263687 
-549.249 0.000266526 
-545.91 0.000269411 
-542.571 0.000272344 
-539.232 0.000275324 
-535.893 0.000278354 
-532.554 0.000281434 
-529.215 0.000284566 
-525.876 0.00028775 
-522.538 0.000290988 
-519.199 0.000294281 
-515.86 0.000297631 
-512.521 0.000301037 
-509.182 0.000304503 
-505.843 0.000308029 
-502.504 0.000311617 
-499.165 0.000315267 
-495.826 0.000318983 
-492.487 0.000322764 
-489.149 0.000326613 
-485.81 0.000330532 
-482.471 0.000334521 
-479.132 0.000338583 
-475.793 0.00034272 
-472.454 0.000346933 
-469.115 0.000351224 
-465.776 0.000355595 
-462.437 0.000360049 
-459.099 0.000364587 
-455.76 0.000369211 
-452.421 0.000373923 
-449.082 0.000378727 
-445.743 0.000383624 
-442.404 0.000388617 
-439.065 0.000393707 
-435.726 0.000398899 
-432.387 0.000404194 
-429.048 0.000409595 
-425.71 0.000415105 
-422.371 0.000420727 
-419.032 0.000426464 
-415.693 0.00043232 
-412.354 0.000438297 
-409.015 0.000444399 
-405.676 0.000450629 
-402.337 0.000456992 
-398.998 0.00046349 
-395.659 0.000470128 
-392.321 0.00047691 
-388.982 0.000483839 
-385.643 0.000490921 
-382.304 0.00049816 
-378.965 0.00050556 
-375.626 0.000513126 
-372.287 0.000520863 
-368.948 0.000528777 
-365.609 0.000536873 
-362.27 0.000545156 
-358.932 0.000553633 
-355.593 0.000562309 
-352.254 0.000571191 
-348.915 0.000580285 
-345.576 0.000589598 
-342.237 0.000599137 
-338.898 0.00060891 
-335.559 0.000618924 
-332.22 0.000629188 
-328.881 0.000639709 
-325.543 0.000650496 
-322.204 0.000661559 
-318.865 0.000672906 
-315.526 0.000684549 
-312.187 0.000696496 
-308.848 0.000708759 
-305.509 0.000721349 
-302.17 0.000734278 
-298.831 0.000747558 
-295.492 0.000761202 
-292.154 0.000775223 
-288.815 0.000789635 
-285.476 0.000804453 
-282.137 0.000819693 
-278.798 0.00083537 
-275.459 0.000851502 
-272.12 0.000868105 
-268.781 0.0008852 
-265.442 0.000902805 
-262.104 0.000920941 
-258.765 0.00093963 
-255.426 0.000958894 
-252.087 0.000978756 
-248.748 0.000999243 
-245.409 0.00102038 
-242.07 0.0010422 
-238.731 0.00106472 
-235.392 0.00108798 
-232.053 0.00111202 
-228.715 0.00113686 
-225.376 0.00116254 
-222.037 0.0011891 
-218.698 0.00121659 
-215.359 0.00124504 
-212.02 0.0012745 
-208.681 0.00130502 
-205.342 0.00133666 
-202.003 0.00136945 
-198.664 0.00140347 
-195.326 0.00143878 
-191.987 0.00147544 
-188.648 0.00151351 
-185.309 0.00155308 
-181.97 0.00159423 
-178.631 0.00163703 
-175.292 0.00168159 
-171.953 0.00172799 
-168.614 0.00177634 
-165.275 0.00182675 
-161.937 0.00187934 
-158.598 0.00193424 
-155.259 0.00199158 
-151.92 0.00205152 
-148.581 0.0021142 
-145.242 0.00217981 
-141.903 0.00224852 
-138.564 0.00232054 
-135.225 0.00239608 
-131.886 0.00247538 
-128.548 0.00255868 
-125.209 0.00264627 
-121.87 0.00273845 
-118.531 0.00283553 
-115.192 0.00293788 
-111.853 0.00304589 
-108.514 0.00315997 
-105.175 0.0032806 
-101.836 0.00340828 
-98.4975 0.00354359 
-95.1586 0.00368713 
-91.8197 0.00383959 
-88.4808 0.00400174 
-85.1419 0.0041744 
-81.803 0.00435852 
-78.4641 0.00455512 
-75.1252 0.00476538 
-71.7863 0.00499057 
-68.4474 0.00523217 
-65.1085 0.00549181 
-61.7696 0.00577133 
-58.4307 0.00607283 
-55.0918 0.00639868 
-51.7529 0.00675159 
-48.414 0.00713465 
-45.0751 0.00755141 
-41.7362 0.00800596 
-38.3973 0.00850304 
-35.0584 0.00904816 
-31.7195 0.00964773 
-28.3806 0.0103093 
-25.0417 0.0110418 
-21.7028 0.0118559 
-18.3639 0.0127641 
-15.025 0.0137817 
-11.6861 0.0149271 
-8.34725 0.016223 
-5.00835 0.0176972 
-1.66945 0.0193843 
1.66945 0.0213279 
5.00835 0.0235836 
8.34725 0.0262231 
11.6861 0.0293403 
15.025 0.0330602 
18.3639 0.0375525 
21.7028 0.0430528 
25.0417 0.0498965 
28.3806 0.0585758 
31.7195 0.06984 
35.0584 0.0848812 
38.3973 0.105703 
41.7362 0.135908 
45.0751 0.182487 
48.414 0.259401 
51.7529 0.381515 
55.0918 0.496394 
58.4307 0.55324 
61.7696 0.576042 
65.1085 0.581668 
68.4474 0.576821 
71.7863 0.564108 
75.1252 0.544256 
78.4641 0.516842 
81.803 0.48051 
85.1419 0.433148 
88.4808 0.373018 
91.8197 0.30277 
95.1586 0.233741 
98.4975 0.177843 
101.836 0.13723 
105.175 0.108399 
108.514 0.0876303 
111.853 0.0722902 
115.192 0.0606691 
118.531 0.0516613 
121.87 0.0445378 
125.209 0.0388057 
128.548 0.0341231 
131.886 0.0302471 
135.225 0.0270016 
138.564 0.0242559 
141.903 0.0219118 
145.242 0.0198943 
148.581 0.018145 
151.92 0.0166181 
155.259 0.0152773 
158.598 0.0140933 
161.937 0.0130426 
165.275 0.0121057 
168.614 0.0112667 
171.953 0.0105124 
175.292 0.00983166 
178.631 0.00921525 
181.97 0.00865525 
185.309 0.00814497 
188.648 0.00767867 
191.987 0.00725143 
195.326 0.00685898 
198.664 0.00649764 
202.003 0.0061642 
205.342 0.00585584 
208.681 0.00557012 
212.02 0.00530485 
215.359 0.00505814 
218.698 0.00482828 
222.037 0.00461377 
225.376 0.00441328 
228.715 0.0042256 
232.053 0.00404966 
235.392 0.00388451 
238.731 0.00372927 
242.07 0.00358317 
245.409 0.0034455 
248.748 0.00331563 
252.087 0.00319298 
255.426 0.00307702 
258.765 0.00296727 
262.104 0.00286329 
265.442 0.00276469 
268.781 0.00267111 
272.12 0.0025822 
275.459 0.00249766 
278.798 0.00241722 
282.137 0.0023406 
285.476 0.00226757 
288.815 0.00219791 
292.154 0.00213141 
295.492 0.00206789 
298.831 0.00200716 
302.17 0.00194908 
305.509 0.00189348 
308.848 0.00184023 
312.187 0.0017892 
315.526 0.00174026 
318.865 0.00169331 
322.204 0.00164823 
325.543 0.00160492 
328.881 0.00156331 
332.22 0.00152329 
335.559 0.00148479 
338.898 0.00144773 
342.237 0.00141204 
345.576 0.00137766 
348.915 0.00134452 
352.254 0.00131256 
355.593 0.00128172 
358.932 0.00125197 
362.27 0.00122323 
365.609 0.00119548 
368.948 0.00116865 
372.287 0.00114273 
375.626 0.00111765 
378.965 0.00109339 
382.304 0.00106992 
385.643 0.00104719 
388.982 0.00102518 
392.321 0.00100385 
395.659 0.000983184 
398.998 0.00096315 
402.337 0.000943722 
405.676 0.000924876 
409.015 0.000906589 
412.354 0.000888839 
415.693 0.000871606 
419.032 0.000854868 
422.371 0.000838609 
425.71 0.000822809 
429.048 0.000807451 
432.387 0.00079252 
435.726 0.000777998 
439.065 0.000763873 
442.404 0.000750128 
445.743 0.000736752 
449.082 0.000723729 
452.421 0.00071105 
455.76 0.0006987 
459.099 0.000686669 
462.437 0.000674947 
465.776 0.000663522 
469.115 0.000652385 
472.454 0.000641525 
475.793 0.000630935 
479.132 0.000620605 
482.471 0.000610526 
485.81 0.000600691 
489.149 0.000591092 
492.487 0.000581721 
495.826 0.000572571 
499.165 0.000563635 
502.504 0.000554906 
505.843 0.000546379 
509.182 0.000538047 
512.521 0.000529904 
515.86 0.000521944 
519.199 0.000514163 
522.538 0.000506554 
525.876 0.000499113 
529.215 0.000491834 
532.554 0.000484714 
535.893 0.000477747 
539.232 0.000470929 
542.571 0.000464256 
545.91 0.000457724 
549.249 0.000451328 
552.588 0.000445066 
555.927 0.000438933 
559.265 0.000432926 
562.604 0.000427042 
565.943 0.000421276 
569.282 0.000415627 
572.621 0.00041009 
575.96 0.000404663 
579.299 0.000399344 
582.638 0.000394128 
585.977 0.000389014 
589.316 0.000383999 
592.654 0.00037908 
595.993 0.000374255 
599.332 0.000369521 
602.671 0.000364877 
606.01 0.00036032 
609.349 0.000355847 
612.688 0.000351458 
616.027 0.000347148 
619.366 0.000342918 
622.705 0.000338765 
626.043 0.000334686 
629.382 0.000330681 
632.721 0.000326747 
636.06 0.000322883 
639.399 0.000319087 
642.738 0.000315357 
646.077 0.000311693 
649.416 0.000308092 
652.755 0.000304553 
656.094 0.000301075 
659.432 0.000297655 
662.771 0.000294294 
666.11 0.000290989 
669.449 0.00028774 
672.788 0.000284545 
676.127 0.000281402 
679.466 0.000278312 
682.805 0.000275272 
686.144 0.000272281 
689.482 0.000269339 
692.821 0.000266445 
696.16 0.000263597 
699.499 0.000260794 
702.838 0.000258035 
706.177 0.000255321 
709.516 0.000252648 
712.855 0.000250018 
716.194 0.000247428 
719.533 0.000244878 
722.871 0.000242368 
726.21 0.000239896 
729.549 0.000237461 
732.888 0.000235064 
736.227 0.000232702 
739.566 0.000230376 
742.905 0.000228085 
746.244 0.000225827 
749.583 0.000223603 
752.922 0.000221412 
756.26 0.000219252 
759.599 0.000217124 
762.938 0.000215027 
766.277 0.00021296 
769.616 0.000210923 
772.955 0.000208915 
776.294 0.000206935 
779.633 0.000204983 
782.972 0.000203059 
786.311 0.000201162 
789.649 0.000199291 
792.988 0.000197446 
796.327 0.000195627 
799.666 0.000193832 
803.005 0.000192062 
806.344 0.000190317 
809.683 0.000188595 
813.022 0.000186896 
816.361 0.00018522 
819.7 0.000183566 
823.038 0.000181935 
826.377 0.000180325 
829.716 0.000178737 
833.055 0.000177169 
836.394 0.000175622 
839.733 0.000174095 
843.072 0.000172588 
846.411 0.0001711 
849.75 0.000169631 
853.089 0.000168182 
856.427 0.00016675 
859.766 0.000165337 
863.105 0.000163942 
866.444 0.000162564 
869.783 0.000161204 
873.122 0.000159861 
876.461 0.000158534 
879.8 0.000157224 
883.139 0.00015593 
886.477 0.000154652 
889.816 0.000153389 
893.155 0.000152142 
896.494 0.00015091 
899.833 0.000149693 
903.172 0.00014849 
906.511 0.000147302 
909.85 0.000146129 
913.189 0.000144969 
916.528 0.000143823 
919.866 0.00014269 
923.205 0.000141571 
926.544 0.000140465 
929.883 0.000139371 
933.222 0.000138291 
936.561 0.000137223 
939.9 0.000136167 
943.239 0.000135123 
946.578 0.000134092 
949.917 0.000133072 
953.255 0.000132064 
956.594 0.000131067 
959.933 0.000130081 
963.272 0.000129106 
966.611 0.000128143 
969.95 0.00012719 
973.289 0.000126247 
976.628 0.000125315 
979.967 0.000124394 
983.305 0.000123482 
986.644 0.000122581 
989.983 0.000121689 
993.322 0.000120807 
996.661 0.000119934 
1000 0.000119071 
