-1000 0.000342992 
-996.661 0.000345136 
-993.322 0.0003473 
-989.983 0.000349484 
-986.644 0.00035169 
-983.305 0.000353916 
-979.967 0.000356164 
-976.628 0.000358433 
-973.289 0.000360723 
-969.95 0.000363036 
-966.611 0.000365371 
-963.272 0.000367729 
-959.933 0.00037011 
-956.594 0.000372514 
-953.255 0.000374942 
-949.917 0.000377393 
-946.578 0.000379868 
-943.239 0.000382368 
-939.9 0.000384893 
-936.561 0.000387443 
-933.222 0.000390018 
-929.883 0.00039262 
-926.544 0.000395247 
-923.205 0.000397901 
-919.866 0.000400581 
-916.528 0.000403289 
-913.189 0.000406025 
-909.85 0.000408788 
-906.511 0.00041158 
-903.172 0.0004144 
-899.833 0.00041725 
-896.494 0.000420129 
-893.155 0.000423038 
-889.816 0.000425977 
-886.477 0.000428947 
-883.139 0.000431949 
-879.8 0.000434982 
-876.461 0.000438047 
-873.122 0.000441145 
-869.783 0.000444275 
-866.444 0.00044744 
-863.105 0.000450638 
-859.766 0.00045387 
-856.427 0.000457138 
-853.089 0.000460441 
-849.75 0.00046378 
-846.411 0.000467156 
-843.072 0.000470568 
-839.733 0.000474018 
-836.394 0.000477506 
-833.055 0.000481033 
-829.716 0.0004846 
-826.377 0.000488206 
-823.038 0.000491852 
-819.7 0.00049554 
-816.361 0.000499269 
-813.022 0.000503041 
-809.683 0.000506855 
-806.344 0.000510713 
-803.005 0.000514615 
-799.666 0.000518563 
-796.327 0.000522556 
-792.988 0.000526595 
-789.649 0.000530681 
-786.311 0.000534816 
-782.972 0.000538998 
-779.633 0.000543231 
-776.294 0.000547513 
-772.955 0.000551846 
-769.616 0.000556231 
-766.277 0.000560668 
-762.938 0.000565159 
-759.599 0.000569703 
-756.26 0.000574303 
-752.922 0.000578959 
-749.583 0.000583672 
-746.244 0.000588443 
-742.905 0.000593273 
-739.566 0.000598162 
-736.227 0.000603112 
-732.888 0.000608124 
-729.549 0.000613199 
-726.21 0.000618338 
-722.871 0.000623541 
-719.533 0.000628811 
-716.194 0.000634147 
-712.855 0.000639553 
-709.516 0.000645027 
-706.177 0.000650572 
-702.838 0.000656189 
-699.499 0.00066188 
-696.16 0.000667644 
-692.821 0.000673485 
-689.482 0.000679402 
-686.144 0.000685398 
-682.805 0.000691474 
-679.466 0.000697631 
-676.127 0.000703871 
-672.788 0.000710194 
-669.449 0.000716604 
-666.11 0.000723101 
-662.771 0.000729687 
-659.432 0.000736363 
-656.094 0.000743131 
-652.755 0.000749993 
-649.416 0.000756951 
-646.077 0.000764006 
-642.738 0.000771161 
-639.399 0.000778416 
-636.06 0.000785775 
-632.721 0.000793238 
-629.382 0.000800809 
-626.043 0.000808488 
-622.705 0.000816279 
-619.366 0.000824183 
-616.027 0.000832202 
-612.688 0.000840339 
-609.349 0.000848597 
-606.01 0.000856976 
-602.671 0.000865481 
-599.332 0.000874113 
-595.993 0.000882875 
-592.654 0.000891769 
-589.316 0.000900799 
-585.977 0.000909967 
-582.638 0.000919275 
-579.299 0.000928728 
-575.96 0.000938327 
-572.621 0.000948076 
-569.282 0.000957977 
-565.943 0.000968035 
-562.604 0.000978253 
-559.265 0.000988633 
-555.927 0.000999179 
-552.588 0.0010099 
-549.249 0.00102079 
-545.91 0.00103185 
-542.571 0.0010431 
-539.232 0.00105453 
-535.893 0.00106616 
-532.554 0.00107797 
-529.215 0.00108999 
-525.876 0.0011022 
-522.538 0.00111463 
-519.199 0.00112726 
-515.86 0.00114011 
-512.521 0.00115319 
-509.182 0.00116648 
-505.843 0.00118001 
-502.504 0.00119378 
-499.165 0.00120779 
-495.826 0.00122205 
-492.487 0.00123656 
-489.149 0.00125134 
-485.81 0.00126638 
-482.471 0.00128169 
-479.132 0.00129728 
-475.793 0.00131316 
-472.454 0.00132934 
-469.115 0.00134581 
-465.776 0.00136259 
-462.437 0.00137969 
-459.099 0.00139712 
-455.76 0.00141487 
-452.421 0.00143297 
-449.082 0.00145142 
-445.743 0.00147023 
-442.404 0.0014894 
-439.065 0.00150896 
-435.726 0.0015289 
-432.387 0.00154924 
-429.048 0.00156999 
-425.71 0.00159116 
-422.371 0.00161276 
-419.032 0.0016348 
-415.693 0.0016573 
-412.354 0.00168027 
-409.015 0.00170372 
-405.676 0.00172767 
-402.337 0.00175212 
-398.998 0.0017771 
-395.659 0.00180262 
-392.321 0.00182869 
-388.982 0.00185534 
-385.643 0.00188257 
-382.304 0.0019104 
-378.965 0.00193886 
-375.626 0.00196796 
-372.287 0.00199772 
-368.948 0.00202817 
-365.609 0.00205931 
-362.27 0.00209118 
-358.932 0.0021238 
-355.593 0.00215719 
-352.254 0.00219137 
-348.915 0.00222637 
-345.576 0.00226222 
-342.237 0.00229894 
-338.898 0.00233657 
-335.559 0.00237513 
-332.22 0.00241466 
-328.881 0.00245518 
-325.543 0.00249673 
-322.204 0.00253935 
-318.865 0.00258307 
-315.526 0.00262793 
-312.187 0.00267398 
-308.848 0.00272124 
-305.509 0.00276978 
-302.17 0.00281963 
-298.831 0.00287083 
-295.492 0.00292345 
-292.154 0.00297754 
-288.815 0.00303314 
-285.476 0.00309032 
-282.137 0.00314913 
-278.798 0.00320964 
-275.459 0.00327192 
-272.12 0.00333603 
-268.781 0.00340205 
-265.442 0.00347006 
-262.104 0.00354012 
-258.765 0.00361234 
-255.426 0.0036868 
-252.087 0.00376359 
-248.748 0.00384281 
-245.409 0.00392457 
-242.07 0.00400897 
-238.731 0.00409614 
-235.392 0.00418618 
-232.053 0.00427924 
-228.715 0.00437544 
-225.376 0.00447493 
-222.037 0.00457787 
-218.698 0.00468442 
-215.359 0.00479474 
-212.02 0.00490901 
-208.681 0.00502744 
-205.342 0.00515022 
-202.003 0.00527757 
-198.664 0.00540972 
-195.326 0.00554691 
-191.987 0.00568942 
-188.648 0.00583751 
-185.309 0.00599148 
-181.97 0.00615165 
-178.631 0.00631836 
-175.292 0.00649196 
-171.953 0.00667286 
-168.614 0.00686146 
-165.275 0.00705821 
-161.937 0.00726359 
-158.598 0.00747811 
-155.259 0.00770233 
-151.92 0.00793684 
-148.581 0.00818229 
-145.242 0.00843937 
-141.903 0.00870882 
-138.564 0.00899148 
-135.225 0.00928821 
-131.886 0.00959997 
-128.548 0.0099278 
-125.209 0.0102728 
-121.87 0.0106363 
-118.531 0.0110196 
-115.192 0.0114241 
-111.853 0.0118515 
-108.514 0.0123035 
-105.175 0.0127821 
-101.836 0.0132895 
-98.4975 0.0138279 
-95.1586 0.0144001 
-91.8197 0.0150089 
-88.4808 0.0156576 
-85.1419 0.0163498 
-81.803 0.0170894 
-78.4641 0.017881 
-75.1252 0.0187296 
-71.7863 0.0196408 
-68.4474 0.0206213 
-65.1085 0.0216781 
-61.7696 0.0228196 
-58.4307 0.0240552 
-55.0918 0.0253957 
-51.7529 0.0268537 
-48.414 0.0284434 
-45.0751 0.0301816 
-41.7362 0.0320878 
-38.3973 0.0341849 
-35.0584 0.0364999 
-31.7195 0.0390649 
-28.3806 0.0419184 
-25.0417 0.0451067 
-21.7028 0.0486861 
-18.3639 0.0527258 
-15.025 0.0573117 
-11.6861 0.0625512 
-8.34725 0.0685813 
-5.00835 0.0755783 
-1.66945 0.083774 
1.66945 0.0934784 
5.00835 0.105117 
8.34725 0.119288 
11.6861 0.136867 
15.025 0.159189 
18.3639 0.188407 
21.7028 0.228281 
25.0417 0.286155 
28.3806 0.379072 
31.7195 0.554803 
35.0584 0.747792 
38.3973 0.794737 
41.7362 0.806763 
45.0751 0.808619 
48.414 0.806023 
51.7529 0.800958 
55.0918 0.794265 
58.4307 0.786333 
61.7696 0.777341 
65.1085 0.76735 
68.4474 0.756345 
71.7863 0.744252 
75.1252 0.730944 
78.4641 0.716235 
81.803 0.699869 
85.1419 0.681502 
88.4808 0.660671 
91.8197 0.636745 
95.1586 0.608871 
98.4975 0.57591 
101.836 0.536433 
105.175 0.489007 
108.514 0.433293 
111.853 0.372207 
115.192 0.312492 
118.531 0.260476 
121.87 0.218276 
125.209 0.184916 
128.548 0.158554 
131.886 0.137509 
135.225 0.120482 
138.564 0.106517 
141.903 0.0949169 
145.242 0.0851692 
148.581 0.076893 
151.92 0.0698008 
155.259 0.0636728 
158.598 0.0583384 
161.937 0.0536636 
165.275 0.0495419 
168.614 0.0458877 
171.953 0.0426318 
175.292 0.0397172 
178.631 0.0370972 
181.97 0.0347326 
185.309 0.0325908 
188.648 0.0306444 
191.987 0.0288698 
195.326 0.0272472 
198.664 0.0257595 
202.003 0.024392 
205.342 0.0231319 
208.681 0.0219681 
212.02 0.020891 
215.359 0.019892 
218.698 0.0189638 
222.037 0.0180997 
225.376 0.0172938 
228.715 0.0165411 
232.053 0.0158369 
235.392 0.0151772 
238.731 0.0145581 
242.07 0.0139764 
245.409 0.0134292 
248.748 0.0129137 
252.087 0.0124276 
255.426 0.0119686 
258.765 0.0115347 
262.104 0.0111241 
265.442 0.0107352 
268.781 0.0103664 
272.12 0.0100165 
275.459 0.00968404 
278.798 0.00936796 
282.137 0.00906719 
285.476 0.00878074 
288.815 0.00850772 
292.154 0.0082473 
295.492 0.0079987 
298.831 0.00776123 
302.17 0.00753422 
305.509 0.00731707 
308.848 0.00710921 
312.187 0.00691011 
315.526 0.0067193 
318.865 0.0065363 
322.204 0.00636071 
325.543 0.00619213 
328.881 0.00603018 
332.22 0.00587452 
335.559 0.00572483 
338.898 0.00558081 
342.237 0.00544217 
345.576 0.00530865 
348.915 0.00518 
352.254 0.00505598 
355.593 0.00493637 
358.932 0.00482097 
362.27 0.00470958 
365.609 0.00460201 
368.948 0.0044981 
372.287 0.00439768 
375.626 0.00430058 
378.965 0.00420668 
382.304 0.00411583 
385.643 0.00402789 
388.982 0.00394275 
392.321 0.00386028 
395.659 0.00378038 
398.998 0.00370294 
402.337 0.00362786 
405.676 0.00355504 
409.015 0.0034844 
412.354 0.00341585 
415.693 0.0033493 
419.032 0.00328468 
422.371 0.00322192 
425.71 0.00316094 
429.048 0.00310168 
432.387 0.00304407 
435.726 0.00298806 
439.065 0.00293358 
442.404 0.00288058 
445.743 0.002829 
449.082 0.0027788 
452.421 0.00272992 
455.76 0.00268233 
459.099 0.00263597 
462.437 0.0025908 
465.776 0.00254679 
469.115 0.00250389 
472.454 0.00246206 
475.793 0.00242128 
479.132 0.0023815 
482.471 0.00234269 
485.81 0.00230483 
489.149 0.00226788 
492.487 0.00223181 
495.826 0.00219659 
499.165 0.0021622 
502.504 0.00212862 
505.843 0.00209581 
509.182 0.00206376 
512.521 0.00203243 
515.86 0.00200181 
519.199 0.00197189 
522.538 0.00194262 
525.876 0.00191401 
529.215 0.00188602 
532.554 0.00185864 
535.893 0.00183186 
539.232 0.00180565 
542.571 0.00178 
545.91 0.00175489 
549.249 0.00173031 
552.588 0.00170624 
555.927 0.00168267 
559.265 0.00165959 
562.604 0.00163698 
565.943 0.00161483 
569.282 0.00159312 
572.621 0.00157185 
575.96 0.00155101 
579.299 0.00153057 
582.638 0.00151054 
585.977 0.0014909 
589.316 0.00147163 
592.654 0.00145274 
595.993 0.00143422 
599.332 0.00141604 
602.671 0.00139821 
606.01 0.00138071 
609.349 0.00136354 
612.688 0.00134668 
616.027 0.00133014 
619.366 0.0013139 
622.705 0.00129796 
626.043 0.0012823 
629.382 0.00126693 
632.721 0.00125183 
636.06 0.001237 
639.399 0.00122243 
642.738 0.00120812 
646.077 0.00119406 
649.416 0.00118024 
652.755 0.00116666 
656.094 0.00115331 
659.432 0.00114019 
662.771 0.0011273 
666.11 0.00111462 
669.449 0.00110215 
672.788 0.00108989 
676.127 0.00107784 
679.466 0.00106598 
682.805 0.00105432 
686.144 0.00104285 
689.482 0.00103156 
692.821 0.00102046 
696.16 0.00100954 
699.499 0.000998788 
702.838 0.000988209 
706.177 0.000977797 
709.516 0.000967549 
712.855 0.000957461 
716.194 0.00094753 
719.533 0.000937753 
722.871 0.000928127 
726.21 0.000918647 
729.549 0.000909313 
732.888 0.00090012 
736.227 0.000891065 
739.566 0.000882147 
742.905 0.000873361 
746.244 0.000864706 
749.583 0.00085618 
752.922 0.000847778 
756.26 0.0008395 
759.599 0.000831343 
762.938 0.000823303 
766.277 0.00081538 
769.616 0.000807571 
772.955 0.000799873 
776.294 0.000792284 
779.633 0.000784804 
782.972 0.000777428 
786.311 0.000770156 
789.649 0.000762986 
792.988 0.000755915 
796.327 0.000748942 
799.666 0.000742065 
803.005 0.000735283 
806.344 0.000728592 
809.683 0.000721993 
813.022 0.000715483 
816.361 0.000709061 
819.7 0.000702724 
823.038 0.000696473 
826.377 0.000690304 
829.716 0.000684217 
833.055 0.00067821 
836.394 0.000672281 
839.733 0.00066643 
843.072 0.000660655 
846.411 0.000654955 
849.75 0.000649328 
853.089 0.000643774 
856.427 0.00063829 
859.766 0.000632876 
863.105 0.000627531 
866.444 0.000622253 
869.783 0.000617041 
873.122 0.000611895 
876.461 0.000606812 
879.8 0.000601793 
883.139 0.000596836 
886.477 0.000591939 
889.816 0.000587103 
893.155 0.000582325 
896.494 0.000577606 
899.833 0.000572944 
903.172 0.000568338 
906.511 0.000563787 
909.85 0.000559291 
913.189 0.000554848 
916.528 0.000550458 
919.866 0.00054612 
923.205 0.000541833 
926.544 0.000537596 
929.883 0.000533408 
933.222 0.00052927 
936.561 0.000525179 
939.9 0.000521135 
943.239 0.000517138 
946.578 0.000513187 
949.917 0.000509281 
953.255 0.000505419 
956.594 0.000501601 
959.933 0.000497826 
963.272 0.000494094 
966.611 0.000490403 
969.95 0.000486753 
973.289 0.000483144 
976.628 0.000479575 
979.967 0.000476046 
983.305 0.000472555 
986.644 0.000469102 
989.983 0.000465687 
993.322 0.00046231 
996.661 0.000458969 
1000 0.000455663 
