-1000 8.21491E-05 
-996.661 8.26755E-05 
-993.322 8.32071E-05 
-989.983 8.37438E-05 
-986.644 8.42857E-05 
-983.305 8.48329E-05 
-979.967 8.53855E-05 
-976.628 8.59435E-05 
-973.289 8.6507E-05 
-969.95 8.70761E-05 
-966.611 8.76508E-05 
-963.272 8.82312E-05 
-959.933 8.88174E-05 
-956.594 8.94095E-05 
-953.255 9.00076E-05 
-949.917 9.06117E-05 
-946.578 9.12219E-05 
-943.239 9.18382E-05 
-939.9 9.24609E-05 
-936.561 9.30899E-05 
-933.222 9.37254E-05 
-929.883 9.43675E-05 
-926.544 9.50161E-05 
-923.205 9.56715E-05 
-919.866 9.63337E-05 
-916.528 9.70028E-05 
-913.189 9.7679E-05 
-909.85 9.83622E-05 
-906.511 9.90526E-05 
-903.172 9.97504E-05 
-899.833 0.000100456 
-896.494 0.000101168 
-893.155 0.000101889 
-889.816 0.000102617 
-886.477 0.000103352 
-883.139 0.000104096 
-879.8 0.000104848 
-876.461 0.000105608 
-873.122 0.000106377 
-869.783 0.000107154 
-866.444 0.000107939 
-863.105 0.000108733 
-859.766 0.000109536 
-856.427 0.000110348 
-853.089 0.000111169 
-849.75 0.000111999 
-846.411 0.000112838 
-843.072 0.000113687 
-839.733 0.000114546 
-836.394 0.000115414 
-833.055 0.000116292 
-829.716 0.000117181 
-826.377 0.000118079 
-823.038 0.000118988 
-819.7 0.000119908 
-816.361 0.000120838 
-813.022 0.000121779 
-809.683 0.000122732 
-806.344 0.000123695 
-803.005 0.00012467 
-799.666 0.000125656 
-796.327 0.000126655 
-792.988 0.000127665 
-789.649 0.000128687 
-786.311 0.000129722 
-782.972 0.000130769 
-779.633 0.000131829 
-776.294 0.000132902 
-772.955 0.000133988 
-769.616 0.000135088 
-766.277 0.000136201 
-762.938 0.000137328 
-759.599 0.000138469 
-756.26 0.000139624 
-752.922 0.000140794 
-749.583 0.000141979 
-746.244 0.000143178 
-742.905 0.000144393 
-739.566 0.000145624 
-736.227 0.00014687 
-732.888 0.000148133 
-729.549 0.000149411 
-726.21 0.000150707 
-722.871 0.000152019 
-719.533 0.000153349 
-716.194 0.000154696 
-712.855 0.000156061 
-709.516 0.000157445 
-706.177 0.000158846 
-702.838 0.000160267 
-699.499 0.000161707 
-696.16 0.000163166 
-692.821 0.000164645 
-689.482 0.000166145 
-686.144 0.000167665 
-682.805 0.000169206 
-679.466 0.000170768 
-676.127 0.000172352 
-672.788 0.000173958 
-669.449 0.000175587 
-666.11 0.000177239 
-662.771 0.000178915 
-659.432 0.000180614 
-656.094 0.000182338 
-652.755 0.000184086 
-649.416 0.00018586 
-646.077 0.000187659 
-642.738 0.000189485 
-639.399 0.000191338 
-636.06 0.000193218 
-632.721 0.000195126 
-629.382 0.000197062 
-626.043 0.000199027 
-622.705 0.000201022 
-619.366 0.000203048 
-616.027 0.000205103 
-612.688 0.000207191 
-609.349 0.00020931 
-606.01 0.000211462 
-602.671 0.000213648 
-599.332 0.000215868 
-595.993 0.000218122 
-592.654 0.000220412 
-589.316 0.000222738 
-585.977 0.000225102 
-582.638 0.000227503 
-579.299 0.000229943 
-575.96 0.000232423 
-572.621 0.000234942 
-569.282 0.000237503 
-565.943 0.000240107 
-562.604 0.000242753 
-559.265 0.000245443 
-555.927 0.000248179 
-552.588 0.00025096 
-549.249 0.000253789 
-545.91 0.000256666 
-542.571 0.000259591 
-539.232 0.000262568 
-535.893 0.000265596 
-532.554 0.000268676 
-529.215 0.000271811 
-525.876 0.000275001 
-522.538 0.000278247 
-519.199 0.000281552 
-515.86 0.000284915 
-512.521 0.000288339 
-509.182 0.000291826 
-505.843 0.000295376 
-502.504 0.000298991 
-499.165 0.000302674 
-495.826 0.000306425 
-492.487 0.000310246 
-489.149 0.000314139 
-485.81 0.000318106 
-482.471 0.000322148 
-479.132 0.000326268 
-475.793 0.000330468 
-472.454 0.00033475 
-469.115 0.000339115 
-465.776 0.000343567 
-462.437 0.000348107 
-459.099 0.000352737 
-455.76 0.000357461 
-452.421 0.00036228 
-449.082 0.000367198 
-445.743 0.000372216 
-442.404 0.000377338 
-439.065 0.000382567 
-435.726 0.000387905 
-432.387 0.000393356 
-429.048 0.000398923 
-425.71 0.000404609 
-422.371 0.000410418 
-419.032 0.000416352 
-415.693 0.000422417 
-412.354 0.000428615 
-409.015 0.000434951 
-405.676 0.000441428 
-402.337 0.000448051 
-398.998 0.000454825 
-395.659 0.000461753 
-392.321 0.000468842 
-388.982 0.000476095 
-385.643 0.000483517 
-382.304 0.000491115 
-378.965 0.000498894 
-375.626 0.000506859 
-372.287 0.000515017 
-368.948 0.000523373 
-365.609 0.000531935 
-362.27 0.000540708 
-358.932 0.000549701 
-355.593 0.00055892 
-352.254 0.000568374 
-348.915 0.000578069 
-345.576 0.000588015 
-342.237 0.000598221 
-338.898 0.000608694 
-335.559 0.000619446 
-332.22 0.000630485 
-328.881 0.000641822 
-325.543 0.000653468 
-322.204 0.000665434 
-318.865 0.000677733 
-315.526 0.000690376 
-312.187 0.000703376 
-308.848 0.000716747 
-305.509 0.000730504 
-302.17 0.000744662 
-298.831 0.000759235 
-295.492 0.000774241 
-292.154 0.000789697 
-288.815 0.00080562 
-285.476 0.000822031 
-282.137 0.000838949 
-278.798 0.000856395 
-275.459 0.000874392 
-272.12 0.000892963 
-268.781 0.000912132 
-265.442 0.000931927 
-262.104 0.000952373 
-258.765 0.000973501 
-255.426 0.00099534 
-252.087 0.00101792 
-248.748 0.00104129 
-245.409 0.00106546 
-242.07 0.00109049 
-238.731 0.00111641 
-235.392 0.00114327 
-232.053 0.00117112 
-228.715 0.00119999 
-225.376 0.00122994 
-222.037 0.00126104 
-218.698 0.00129333 
-215.359 0.00132687 
-212.02 0.00136174 
-208.681 0.00139801 
-205.342 0.00143574 
-202.003 0.00147503 
-198.664 0.00151596 
-195.326 0.00155861 
-191.987 0.00160309 
-188.648 0.00164951 
-185.309 0.00169798 
-181.97 0.00174861 
-178.631 0.00180155 
-175.292 0.00185694 
-171.953 0.00191492 
-168.614 0.00197567 
-165.275 0.00203936 
-161.937 0.00210619 
-158.598 0.00217636 
-155.259 0.0022501 
-151.92 0.00232766 
-148.581 0.00240932 
-145.242 0.00249535 
-141.903 0.00258609 
-138.564 0.00268188 
-135.225 0.0027831 
-131.886 0.00289017 
-128.548 0.00300356 
-125.209 0.00312378 
-121.87 0.00325137 
-118.531 0.00338697 
-115.192 0.00353126 
-111.853 0.00368498 
-108.514 0.00384901 
-105.175 0.00402426 
-101.836 0.0042118 
-98.4975 0.00441281 
-95.1586 0.0046286 
-91.8197 0.00486068 
-88.4808 0.00511073 
-85.1419 0.00538066 
-81.803 0.00567264 
-78.4641 0.00598916 
-75.1252 0.00633305 
-71.7863 0.00670757 
-68.4474 0.00711651 
-65.1085 0.00756421 
-61.7696 0.00805579 
-58.4307 0.00859719 
-55.0918 0.00919543 
-51.7529 0.0098588 
-48.414 0.0105972 
-45.0751 0.0114225 
-41.7362 0.0123489 
-38.3973 0.0133939 
-35.0584 0.0145788 
-31.7195 0.01593 
-28.3806 0.0174806 
-25.0417 0.0192724 
-21.7028 0.021359 
-18.3639 0.0238098 
-15.025 0.0267166 
-11.6861 0.0302024 
-8.34725 0.0344361 
-5.00835 0.0396546 
-1.66945 0.0462 
1.66945 0.0545832 
5.00835 0.0656002 
8.34725 0.0805582 
11.6861 0.10176 
15.025 0.133677 
18.3639 0.18639 
21.7028 0.289494 
25.0417 0.599503 
28.3806 0.834009 
31.7195 0.855539 
35.0584 0.857022 
38.3973 0.851543 
41.7362 0.841729 
45.0751 0.827914 
48.414 0.809263 
51.7529 0.783555 
55.0918 0.745726 
58.4307 0.682628 
61.7696 0.554439 
65.1085 0.348647 
68.4474 0.220242 
71.7863 0.153867 
75.1252 0.114859 
78.4641 0.0896059 
81.803 0.0721447 
85.1419 0.059487 
88.4808 0.0499782 
91.8197 0.0426322 
95.1586 0.0368271 
98.4975 0.032153 
101.836 0.0283296 
105.175 0.0251594 
108.514 0.0224999 
111.853 0.0202458 
115.192 0.0183178 
118.531 0.0166552 
121.87 0.0152112 
125.209 0.0139487 
128.548 0.0128382 
131.886 0.0118562 
135.225 0.0109834 
138.564 0.0102041 
141.903 0.00950542 
145.242 0.00887646 
148.581 0.00830823 
151.92 0.00779311 
155.259 0.00732466 
158.598 0.00689739 
161.937 0.00650658 
165.275 0.00614818 
168.614 0.00581871 
171.953 0.00551511 
175.292 0.00523474 
178.631 0.00497527 
181.97 0.00473469 
185.309 0.00451118 
188.648 0.00430318 
191.987 0.00410926 
195.326 0.0039282 
198.664 0.00375887 
202.003 0.00360028 
205.342 0.00345154 
208.681 0.00331184 
212.02 0.00318047 
215.359 0.00305678 
218.698 0.00294018 
222.037 0.00283013 
225.376 0.00272616 
228.715 0.00262782 
232.053 0.00253471 
235.392 0.00244648 
238.731 0.00236277 
242.07 0.0022833 
245.409 0.00220777 
248.748 0.00213593 
252.087 0.00206755 
255.426 0.0020024 
258.765 0.00194028 
262.104 0.00188102 
265.442 0.00182443 
268.781 0.00177035 
272.12 0.00171865 
275.459 0.00166919 
278.798 0.00162182 
282.137 0.00157645 
285.476 0.00153296 
288.815 0.00149124 
292.154 0.0014512 
295.492 0.00141276 
298.831 0.00137582 
302.17 0.00134032 
305.509 0.00130617 
308.848 0.00127331 
312.187 0.00124168 
315.526 0.00121121 
318.865 0.00118185 
322.204 0.00115354 
325.543 0.00112624 
328.881 0.0010999 
332.22 0.00107447 
335.559 0.00104991 
338.898 0.00102618 
342.237 0.00100325 
345.576 0.000981085 
348.915 0.000959643 
352.254 0.000938896 
355.593 0.000918814 
358.932 0.00089937 
362.27 0.000880537 
365.609 0.000862289 
368.948 0.000844603 
372.287 0.000827455 
375.626 0.000810824 
378.965 0.00079469 
382.304 0.000779032 
385.643 0.000763833 
388.982 0.000749074 
392.321 0.000734738 
395.659 0.00072081 
398.998 0.000707275 
402.337 0.000694117 
405.676 0.000681323 
409.015 0.000668879 
412.354 0.000656773 
415.693 0.000644992 
419.032 0.000633526 
422.371 0.000622363 
425.71 0.000611492 
429.048 0.000600903 
432.387 0.000590587 
435.726 0.000580534 
439.065 0.000570736 
442.404 0.000561184 
445.743 0.000551869 
449.082 0.000542784 
452.421 0.000533922 
455.76 0.000525275 
459.099 0.000516836 
462.437 0.000508599 
465.776 0.000500557 
469.115 0.000492704 
472.454 0.000485035 
475.793 0.000477543 
479.132 0.000470223 
482.471 0.00046307 
485.81 0.00045608 
489.149 0.000449246 
492.487 0.000442564 
495.826 0.000436031 
499.165 0.000429641 
502.504 0.00042339 
505.843 0.000417275 
509.182 0.000411291 
512.521 0.000405435 
515.86 0.000399703 
519.199 0.000394092 
522.538 0.000388598 
525.876 0.000383218 
529.215 0.000377949 
532.554 0.000372787 
535.893 0.000367731 
539.232 0.000362777 
542.571 0.000357922 
545.91 0.000353164 
549.249 0.0003485 
552.588 0.000343928 
555.927 0.000339445 
559.265 0.000335049 
562.604 0.000330738 
565.943 0.00032651 
569.282 0.000322362 
572.621 0.000318292 
575.96 0.000314299 
579.299 0.000310381 
582.638 0.000306536 
585.977 0.000302761 
589.316 0.000299056 
592.654 0.000295418 
595.993 0.000291846 
599.332 0.000288339 
602.671 0.000284894 
606.01 0.00028151 
609.349 0.000278187 
612.688 0.000274922 
616.027 0.000271714 
619.366 0.000268562 
622.705 0.000265464 
626.043 0.00026242 
629.382 0.000259427 
632.721 0.000256486 
636.06 0.000253594 
639.399 0.000250751 
642.738 0.000247955 
646.077 0.000245205 
649.416 0.000242502 
652.755 0.000239842 
656.094 0.000237226 
659.432 0.000234653 
662.771 0.000232121 
666.11 0.00022963 
669.449 0.000227179 
672.788 0.000224766 
676.127 0.000222392 
679.466 0.000220056 
682.805 0.000217755 
686.144 0.000215491 
689.482 0.000213262 
692.821 0.000211067 
696.16 0.000208906 
699.499 0.000206778 
702.838 0.000204682 
706.177 0.000202618 
709.516 0.000200585 
712.855 0.000198582 
716.194 0.000196609 
719.533 0.000194666 
722.871 0.000192751 
726.21 0.000190864 
729.549 0.000189005 
732.888 0.000187172 
736.227 0.000185366 
739.566 0.000183586 
742.905 0.000181832 
746.244 0.000180103 
749.583 0.000178398 
752.922 0.000176717 
756.26 0.00017506 
759.599 0.000173426 
762.938 0.000171815 
766.277 0.000170226 
769.616 0.000168659 
772.955 0.000167113 
776.294 0.000165589 
779.633 0.000164085 
782.972 0.000162602 
786.311 0.000161138 
789.649 0.000159695 
792.988 0.00015827 
796.327 0.000156865 
799.666 0.000155478 
803.005 0.00015411 
806.344 0.000152759 
809.683 0.000151426 
813.022 0.000150111 
816.361 0.000148812 
819.7 0.000147531 
823.038 0.000146265 
826.377 0.000145016 
829.716 0.000143783 
833.055 0.000142566 
836.394 0.000141363 
839.733 0.000140176 
843.072 0.000139004 
846.411 0.000137847 
849.75 0.000136703 
853.089 0.000135574 
856.427 0.000134459 
859.766 0.000133358 
863.105 0.00013227 
866.444 0.000131195 
869.783 0.000130134 
873.122 0.000129085 
876.461 0.000128048 
879.8 0.000127025 
883.139 0.000126013 
886.477 0.000125013 
889.816 0.000124026 
893.155 0.000123049 
896.494 0.000122085 
899.833 0.000121131 
903.172 0.000120189 
906.511 0.000119258 
909.85 0.000118337 
913.189 0.000117427 
916.528 0.000116528 
919.866 0.000115638 
923.205 0.000114759 
926.544 0.00011389 
929.883 0.000113031 
933.222 0.000112181 
936.561 0.000111341 
939.9 0.00011051 
943.239 0.000109689 
946.578 0.000108876 
949.917 0.000108073 
953.255 0.000107278 
956.594 0.000106493 
959.933 0.000105715 
963.272 0.000104946 
966.611 0.000104186 
969.95 0.000103434 
973.289 0.00010269 
976.628 0.000101954 
979.967 0.000101225 
983.305 0.000100505 
986.644 9.9792E-05 
989.983 9.90867E-05 
993.322 9.83889E-05 
996.661 9.76984E-05 
1000 9.70151E-05 
