-1000 5.5701E-05 
-996.661 5.60618E-05 
-993.322 5.64261E-05 
-989.983 5.67939E-05 
-986.644 5.71654E-05 
-983.305 5.75405E-05 
-979.967 5.79193E-05 
-976.628 5.83019E-05 
-973.289 5.86884E-05 
-969.95 5.90786E-05 
-966.611 5.94728E-05 
-963.272 5.9871E-05 
-959.933 6.02732E-05 
-956.594 6.06795E-05 
-953.255 6.10899E-05 
-949.917 6.15044E-05 
-946.578 6.19233E-05 
-943.239 6.23464E-05 
-939.9 6.27739E-05 
-936.561 6.32058E-05 
-933.222 6.36422E-05 
-929.883 6.40832E-05 
-926.544 6.45288E-05 
-923.205 6.4979E-05 
-919.866 6.5434E-05 
-916.528 6.58938E-05 
-913.189 6.63584E-05 
-909.85 6.6828E-05 
-906.511 6.73027E-05 
-903.172 6.77824E-05 
-899.833 6.82672E-05 
-896.494 6.87573E-05 
-893.155 6.92528E-05 
-889.816 6.97536E-05 
-886.477 7.02598E-05 
-883.139 7.07716E-05 
-879.8 7.12891E-05 
-876.461 7.18122E-05 
-873.122 7.23412E-05 
-869.783 7.2876E-05 
-866.444 7.34168E-05 
-863.105 7.39636E-05 
-859.766 7.45166E-05 
-856.427 7.50758E-05 
-853.089 7.56414E-05 
-849.75 7.62134E-05 
-846.411 7.67919E-05 
-843.072 7.7377E-05 
-839.733 7.79689E-05 
-836.394 7.85676E-05 
-833.055 7.91733E-05 
-829.716 7.9786E-05 
-826.377 8.04058E-05 
-823.038 8.10329E-05 
-819.7 8.16674E-05 
-816.361 8.23094E-05 
-813.022 8.2959E-05 
-809.683 8.36164E-05 
-806.344 8.42816E-05 
-803.005 8.49548E-05 
-799.666 8.56361E-05 
-796.327 8.63257E-05 
-792.988 8.70236E-05 
-789.649 8.77301E-05 
-786.311 8.84452E-05 
-782.972 8.91691E-05 
-779.633 8.9902E-05 
-776.294 9.06439E-05 
-772.955 9.13951E-05 
-769.616 9.21557E-05 
-766.277 9.29259E-05 
-762.938 9.37057E-05 
-759.599 9.44955E-05 
-756.26 9.52953E-05 
-752.922 9.61053E-05 
-749.583 9.69257E-05 
-746.244 9.77567E-05 
-742.905 9.85984E-05 
-739.566 9.9451E-05 
-736.227 0.000100315 
-732.888 0.00010119 
-729.549 0.000102077 
-726.21 0.000102975 
-722.871 0.000103885 
-719.533 0.000104808 
-716.194 0.000105743 
-712.855 0.00010669 
-709.516 0.00010765 
-706.177 0.000108624 
-702.838 0.00010961 
-699.499 0.00011061 
-696.16 0.000111624 
-692.821 0.000112652 
-689.482 0.000113694 
-686.144 0.000114751 
-682.805 0.000115823 
-679.466 0.000116909 
-676.127 0.000118011 
-672.788 0.000119129 
-669.449 0.000120263 
-666.11 0.000121413 
-662.771 0.00012258 
-659.432 0.000123763 
-656.094 0.000124964 
-652.755 0.000126182 
-649.416 0.000127419 
-646.077 0.000128674 
-642.738 0.000129947 
-639.399 0.000131239 
-636.06 0.000132551 
-632.721 0.000133883 
-629.382 0.000135234 
-626.043 0.000136607 
-622.705 0.000138 
-619.366 0.000139415 
-616.027 0.000140852 
-612.688 0.000142311 
-609.349 0.000143793 
-606.01 0.000145298 
-602.671 0.000146828 
-599.332 0.000148381 
-595.993 0.000149959 
-592.654 0.000151563 
-589.316 0.000153192 
-585.977 0.000154848 
-582.638 0.000156532 
-579.299 0.000158242 
-575.96 0.000159981 
-572.621 0.000161749 
-569.282 0.000163546 
-565.943 0.000165374 
-562.604 0.000167232 
-559.265 0.000169122 
-555.927 0.000171044 
-552.588 0.000172999 
-549.249 0.000174988 
-545.91 0.000177012 
-542.571 0.000179071 
-539.232 0.000181166 
-535.893 0.000183298 
-532.554 0.000185468 
-529.215 0.000187676 
-525.876 0.000189925 
-522.538 0.000192214 
-519.199 0.000194545 
-515.86 0.000196919 
-512.521 0.000199337 
-509.182 0.000201799 
-505.843 0.000204307 
-502.504 0.000206863 
-499.165 0.000209467 
-495.826 0.00021212 
-492.487 0.000214824 
-489.149 0.00021758 
-485.81 0.00022039 
-482.471 0.000223255 
-479.132 0.000226176 
-475.793 0.000229155 
-472.454 0.000232193 
-469.115 0.000235292 
-465.776 0.000238453 
-462.437 0.000241679 
-459.099 0.00024497 
-455.76 0.00024833 
-452.421 0.000251759 
-449.082 0.00025526 
-445.743 0.000258835 
-442.404 0.000262485 
-439.065 0.000266213 
-435.726 0.000270021 
-432.387 0.000273912 
-429.048 0.000277887 
-425.71 0.00028195 
-422.371 0.000286102 
-419.032 0.000290347 
-415.693 0.000294688 
-412.354 0.000299127 
-409.015 0.000303666 
-405.676 0.00030831 
-402.337 0.000313062 
-398.998 0.000317925 
-395.659 0.000322901 
-392.321 0.000327996 
-388.982 0.000333212 
-385.643 0.000338554 
-382.304 0.000344026 
-378.965 0.000349632 
-375.626 0.000355376 
-372.287 0.000361262 
-368.948 0.000367297 
-365.609 0.000373484 
-362.27 0.000379829 
-358.932 0.000386337 
-355.593 0.000393015 
-352.254 0.000399867 
-348.915 0.0004069 
-345.576 0.00041412 
-342.237 0.000421535 
-338.898 0.000429151 
-335.559 0.000436975 
-332.22 0.000445016 
-328.881 0.000453281 
-325.543 0.000461778 
-322.204 0.000470517 
-318.865 0.000479507 
-315.526 0.000488758 
-312.187 0.000498278 
-308.848 0.000508081 
-305.509 0.000518175 
-302.17 0.000528574 
-298.831 0.00053929 
-295.492 0.000550335 
-292.154 0.000561723 
-288.815 0.000573469 
-285.476 0.000585588 
-282.137 0.000598095 
-278.798 0.000611008 
-275.459 0.000624345 
-272.12 0.000638123 
-268.781 0.000652363 
-265.442 0.000667086 
-262.104 0.000682313 
-258.765 0.000698068 
-255.426 0.000714376 
-252.087 0.000731263 
-248.748 0.000748757 
-245.409 0.000766887 
-242.07 0.000785684 
-238.731 0.000805182 
-235.392 0.000825416 
-232.053 0.000846423 
-228.715 0.000868244 
-225.376 0.00089092 
-222.037 0.000914497 
-218.698 0.000939025 
-215.359 0.000964553 
-212.02 0.000991139 
-208.681 0.00101884 
-205.342 0.00104772 
-202.003 0.00107785 
-198.664 0.0011093 
-195.326 0.00114214 
-191.987 0.00117647 
-188.648 0.00121238 
-185.309 0.00124995 
-181.97 0.0012893 
-178.631 0.00133055 
-175.292 0.0013738 
-171.953 0.00141921 
-168.614 0.0014669 
-165.275 0.00151705 
-161.937 0.00156982 
-158.598 0.00162539 
-155.259 0.00168397 
-151.92 0.00174578 
-148.581 0.00181106 
-145.242 0.00188008 
-141.903 0.00195314 
-138.564 0.00203054 
-135.225 0.00211264 
-131.886 0.00219984 
-128.548 0.00229256 
-125.209 0.00239128 
-121.87 0.00249652 
-118.531 0.00260889 
-115.192 0.00272904 
-111.853 0.00285771 
-108.514 0.00299571 
-105.175 0.00314398 
-101.836 0.00330357 
-98.4975 0.00347566 
-95.1586 0.0036616 
-91.8197 0.00386291 
-88.4808 0.00408135 
-85.1419 0.00431891 
-81.803 0.00457791 
-78.4641 0.00486101 
-75.1252 0.00517132 
-71.7863 0.00551244 
-68.4474 0.00588861 
-65.1085 0.00630482 
-61.7696 0.00676701 
-58.4307 0.00728222 
-55.0918 0.00785894 
-51.7529 0.00850743 
-48.414 0.00924018 
-45.0751 0.0100726 
-41.7362 0.0110236 
-38.3973 0.0121173 
-35.0584 0.0133838 
-31.7195 0.0148621 
-28.3806 0.0166026 
-25.0417 0.0186722 
-21.7028 0.0211606 
-18.3639 0.0241913 
-15.025 0.0279373 
-11.6861 0.0326489 
-8.34725 0.038699 
-5.00835 0.046667 
-1.66945 0.0574979 
1.66945 0.0728366 
5.00835 0.095807 
8.34725 0.133153 
11.6861 0.202874 
15.025 0.381604 
18.3639 0.907501 
21.7028 0.926947 
25.0417 0.925599 
28.3806 0.919382 
31.7195 0.909862 
35.0584 0.896443 
38.3973 0.876731 
41.7362 0.8438 
45.0751 0.768424 
48.414 0.455507 
51.7529 0.230229 
55.0918 0.14662 
58.4307 0.103663 
61.7696 0.0778931 
65.1085 0.0609711 
68.4474 0.0491667 
71.7863 0.0405629 
75.1252 0.0340781 
78.4641 0.0290584 
81.803 0.0250873 
85.1419 0.0218882 
88.4808 0.0192711 
91.8197 0.0171015 
95.1586 0.0152819 
98.4975 0.0137404 
101.836 0.0124226 
105.175 0.0112869 
108.514 0.0103011 
111.853 0.00943975 
115.192 0.00868264 
118.531 0.00801352 
121.87 0.00741921 
125.209 0.00688891 
128.548 0.00641371 
131.886 0.00598621 
135.225 0.00560021 
138.564 0.00525049 
141.903 0.00493262 
145.242 0.00464285 
148.581 0.00437795 
151.92 0.00413514 
155.259 0.00391202 
158.598 0.00370653 
161.937 0.00351685 
165.275 0.00334138 
168.614 0.00317875 
171.953 0.00302773 
175.292 0.00288724 
178.631 0.00275632 
181.97 0.00263412 
185.309 0.00251988 
188.648 0.00241292 
191.987 0.00231263 
195.326 0.00221848 
198.664 0.00212997 
202.003 0.00204666 
205.342 0.00196814 
208.681 0.00189406 
212.02 0.00182409 
215.359 0.00175793 
218.698 0.00169531 
222.037 0.00163597 
225.376 0.0015797 
228.715 0.00152629 
232.053 0.00147554 
235.392 0.00142728 
238.731 0.00138135 
242.07 0.00133761 
245.409 0.00129591 
248.748 0.00125613 
252.087 0.00121815 
255.426 0.00118187 
258.765 0.00114719 
262.104 0.00111402 
265.442 0.00108226 
268.781 0.00105184 
272.12 0.00102269 
275.459 0.000994731 
278.798 0.000967904 
282.137 0.000942148 
285.476 0.000917406 
288.815 0.000893627 
292.154 0.00087076 
295.492 0.000848759 
298.831 0.000827582 
302.17 0.000807188 
305.509 0.000787538 
308.848 0.000768597 
312.187 0.000750331 
315.526 0.000732708 
318.865 0.000715699 
322.204 0.000699276 
325.543 0.000683411 
328.881 0.000668079 
332.22 0.000653258 
335.559 0.000638924 
338.898 0.000625057 
342.237 0.000611636 
345.576 0.000598643 
348.915 0.00058606 
352.254 0.000573868 
355.593 0.000562053 
358.932 0.0005506 
362.27 0.000539492 
365.609 0.000528717 
368.948 0.000518262 
372.287 0.000508113 
375.626 0.00049826 
378.965 0.00048869 
382.304 0.000479393 
385.643 0.000470359 
388.982 0.000461578 
392.321 0.00045304 
395.659 0.000444737 
398.998 0.00043666 
402.337 0.000428801 
405.676 0.000421152 
409.015 0.000413705 
412.354 0.000406454 
415.693 0.000399393 
419.032 0.000392513 
422.371 0.00038581 
425.71 0.000379276 
429.048 0.000372907 
432.387 0.000366698 
435.726 0.000360641 
439.065 0.000354734 
442.404 0.00034897 
445.743 0.000343346 
449.082 0.000337856 
452.421 0.000332497 
455.76 0.000327264 
459.099 0.000322154 
462.437 0.000317163 
465.776 0.000312286 
469.115 0.000307521 
472.454 0.000302864 
475.793 0.000298312 
479.132 0.000293862 
482.471 0.00028951 
485.81 0.000285255 
489.149 0.000281092 
492.487 0.00027702 
495.826 0.000273035 
499.165 0.000269136 
502.504 0.00026532 
505.843 0.000261584 
509.182 0.000257927 
512.521 0.000254345 
515.86 0.000250838 
519.199 0.000247402 
522.538 0.000244037 
525.876 0.00024074 
529.215 0.000237509 
532.554 0.000234342 
535.893 0.000231239 
539.232 0.000228196 
542.571 0.000225213 
545.91 0.000222289 
549.249 0.00021942 
552.588 0.000216607 
555.927 0.000213848 
559.265 0.000211141 
562.604 0.000208485 
565.943 0.000205878 
569.282 0.00020332 
572.621 0.00020081 
575.96 0.000198345 
579.299 0.000195926 
582.638 0.000193551 
585.977 0.000191218 
589.316 0.000188928 
592.654 0.000186678 
595.993 0.000184468 
599.332 0.000182297 
602.671 0.000180164 
606.01 0.000178068 
609.349 0.000176009 
612.688 0.000173985 
616.027 0.000171996 
619.366 0.00017004 
622.705 0.000168118 
626.043 0.000166228 
629.382 0.00016437 
632.721 0.000162543 
636.06 0.000160746 
639.399 0.000158978 
642.738 0.00015724 
646.077 0.000155529 
649.416 0.000153847 
652.755 0.000152192 
656.094 0.000150563 
659.432 0.00014896 
662.771 0.000147383 
666.11 0.00014583 
669.449 0.000144302 
672.788 0.000142798 
676.127 0.000141317 
679.466 0.000139859 
682.805 0.000138423 
686.144 0.000137009 
689.482 0.000135617 
692.821 0.000134246 
696.16 0.000132895 
699.499 0.000131565 
702.838 0.000130255 
706.177 0.000128964 
709.516 0.000127692 
712.855 0.000126439 
716.194 0.000125204 
719.533 0.000123987 
722.871 0.000122788 
726.21 0.000121606 
729.549 0.000120441 
732.888 0.000119293 
736.227 0.000118161 
739.566 0.000117045 
742.905 0.000115945 
746.244 0.00011486 
749.583 0.00011379 
752.922 0.000112735 
756.26 0.000111695 
759.599 0.000110669 
762.938 0.000109657 
766.277 0.000108658 
769.616 0.000107674 
772.955 0.000106702 
776.294 0.000105744 
779.633 0.000104799 
782.972 0.000103866 
786.311 0.000102945 
789.649 0.000102037 
792.988 0.000101141 
796.327 0.000100256 
799.666 9.93831E-05 
803.005 9.85213E-05 
806.344 9.76707E-05 
809.683 9.6831E-05 
813.022 9.60021E-05 
816.361 9.51838E-05 
819.7 9.43759E-05 
823.038 9.35781E-05 
826.377 9.27905E-05 
829.716 9.20127E-05 
833.055 9.12447E-05 
836.394 9.04862E-05 
839.733 8.97371E-05 
843.072 8.89973E-05 
846.411 8.82665E-05 
849.75 8.75447E-05 
853.089 8.68317E-05 
856.427 8.61273E-05 
859.766 8.54315E-05 
863.105 8.47441E-05 
866.444 8.40649E-05 
869.783 8.33938E-05 
873.122 8.27307E-05 
876.461 8.20755E-05 
879.8 8.1428E-05 
883.139 8.07881E-05 
886.477 8.01557E-05 
889.816 7.95307E-05 
893.155 7.8913E-05 
896.494 7.83024E-05 
899.833 7.76988E-05 
903.172 7.71022E-05 
906.511 7.65125E-05 
909.85 7.59294E-05 
913.189 7.5353E-05 
916.528 7.47831E-05 
919.866 7.42197E-05 
923.205 7.36625E-05 
926.544 7.31116E-05 
929.883 7.25669E-05 
933.222 7.20282E-05 
936.561 7.14954E-05 
939.9 7.09686E-05 
943.239 7.04475E-05 
946.578 6.99321E-05 
949.917 6.94224E-05 
953.255 6.89182E-05 
956.594 6.84194E-05 
959.933 6.79261E-05 
963.272 6.7438E-05 
966.611 6.69552E-05 
969.95 6.64775E-05 
973.289 6.60049E-05 
976.628 6.55373E-05 
979.967 6.50747E-05 
983.305 6.46169E-05 
986.644 6.4164E-05 
989.983 6.37157E-05 
993.322 6.32722E-05 
996.661 6.28332E-05 
1000 6.23988E-05 
