-1000 4.62164E-05 
-996.661 4.65167E-05 
-993.322 4.68199E-05 
-989.983 4.71261E-05 
-986.644 4.74353E-05 
-983.305 4.77476E-05 
-979.967 4.80629E-05 
-976.628 4.83815E-05 
-973.289 4.87032E-05 
-969.95 4.90281E-05 
-966.611 4.93563E-05 
-963.272 4.96878E-05 
-959.933 5.00227E-05 
-956.594 5.0361E-05 
-953.255 5.07028E-05 
-949.917 5.1048E-05 
-946.578 5.13968E-05 
-943.239 5.17492E-05 
-939.9 5.21053E-05 
-936.561 5.2465E-05 
-933.222 5.28285E-05 
-929.883 5.31958E-05 
-926.544 5.35669E-05 
-923.205 5.3942E-05 
-919.866 5.4321E-05 
-916.528 5.4704E-05 
-913.189 5.50911E-05 
-909.85 5.54824E-05 
-906.511 5.58778E-05 
-903.172 5.62775E-05 
-899.833 5.66816E-05 
-896.494 5.709E-05 
-893.155 5.75028E-05 
-889.816 5.79201E-05 
-886.477 5.8342E-05 
-883.139 5.87686E-05 
-879.8 5.91999E-05 
-876.461 5.96359E-05 
-873.122 6.00768E-05 
-869.783 6.05226E-05 
-866.444 6.09734E-05 
-863.105 6.14293E-05 
-859.766 6.18903E-05 
-856.427 6.23565E-05 
-853.089 6.28281E-05 
-849.75 6.3305E-05 
-846.411 6.37874E-05 
-843.072 6.42753E-05 
-839.733 6.47689E-05 
-836.394 6.52682E-05 
-833.055 6.57733E-05 
-829.716 6.62843E-05 
-826.377 6.68013E-05 
-823.038 6.73244E-05 
-819.7 6.78537E-05 
-816.361 6.83892E-05 
-813.022 6.89312E-05 
-809.683 6.94796E-05 
-806.344 7.00346E-05 
-803.005 7.05963E-05 
-799.666 7.11648E-05 
-796.327 7.17402E-05 
-792.988 7.23227E-05 
-789.649 7.29123E-05 
-786.311 7.35091E-05 
-782.972 7.41133E-05 
-779.633 7.4725E-05 
-776.294 7.53444E-05 
-772.955 7.59714E-05 
-769.616 7.66064E-05 
-766.277 7.72494E-05 
-762.938 7.79005E-05 
-759.599 7.85599E-05 
-756.26 7.92278E-05 
-752.922 7.99042E-05 
-749.583 8.05893E-05 
-746.244 8.12833E-05 
-742.905 8.19864E-05 
-739.566 8.26986E-05 
-736.227 8.34201E-05 
-732.888 8.41512E-05 
-729.549 8.48919E-05 
-726.21 8.56425E-05 
-722.871 8.64031E-05 
-719.533 8.71739E-05 
-716.194 8.79551E-05 
-712.855 8.87469E-05 
-709.516 8.95494E-05 
-706.177 9.03629E-05 
-702.838 9.11875E-05 
-699.499 9.20235E-05 
-696.16 9.28711E-05 
-692.821 9.37305E-05 
-689.482 9.46019E-05 
-686.144 9.54855E-05 
-682.805 9.63816E-05 
-679.466 9.72904E-05 
-676.127 9.82121E-05 
-672.788 9.9147E-05 
-669.449 0.000100095 
-666.11 0.000101057 
-662.771 0.000102033 
-659.432 0.000103024 
-656.094 0.000104029 
-652.755 0.000105048 
-649.416 0.000106083 
-646.077 0.000107133 
-642.738 0.000108199 
-639.399 0.00010928 
-636.06 0.000110379 
-632.721 0.000111493 
-629.382 0.000112625 
-626.043 0.000113774 
-622.705 0.000114941 
-619.366 0.000116126 
-616.027 0.00011733 
-612.688 0.000118552 
-609.349 0.000119793 
-606.01 0.000121054 
-602.671 0.000122336 
-599.332 0.000123637 
-595.993 0.00012496 
-592.654 0.000126304 
-589.316 0.00012767 
-585.977 0.000129058 
-582.638 0.000130469 
-579.299 0.000131903 
-575.96 0.000133361 
-572.621 0.000134844 
-569.282 0.000136351 
-565.943 0.000137884 
-562.604 0.000139443 
-559.265 0.000141028 
-555.927 0.000142641 
-552.588 0.000144281 
-549.249 0.00014595 
-545.91 0.000147649 
-542.571 0.000149377 
-539.232 0.000151136 
-535.893 0.000152926 
-532.554 0.000154748 
-529.215 0.000156603 
-525.876 0.000158491 
-522.538 0.000160414 
-519.199 0.000162372 
-515.86 0.000164367 
-512.521 0.000166398 
-509.182 0.000168468 
-505.843 0.000170576 
-502.504 0.000172724 
-499.165 0.000174913 
-495.826 0.000177144 
-492.487 0.000179418 
-489.149 0.000181736 
-485.81 0.0001841 
-482.471 0.00018651 
-479.132 0.000188967 
-475.793 0.000191474 
-472.454 0.000194031 
-469.115 0.00019664 
-465.776 0.000199301 
-462.437 0.000202017 
-459.099 0.000204789 
-455.76 0.000207619 
-452.421 0.000210508 
-449.082 0.000213458 
-445.743 0.00021647 
-442.404 0.000219546 
-439.065 0.000222689 
-435.726 0.000225899 
-432.387 0.00022918 
-429.048 0.000232533 
-425.71 0.00023596 
-422.371 0.000239464 
-419.032 0.000243046 
-415.693 0.000246709 
-412.354 0.000250456 
-409.015 0.000254289 
-405.676 0.000258211 
-402.337 0.000262224 
-398.998 0.000266332 
-395.659 0.000270538 
-392.321 0.000274843 
-388.982 0.000279253 
-385.643 0.00028377 
-382.304 0.000288397 
-378.965 0.000293139 
-375.626 0.000297998 
-372.287 0.00030298 
-368.948 0.000308088 
-365.609 0.000313326 
-362.27 0.0003187 
-358.932 0.000324213 
-355.593 0.00032987 
-352.254 0.000335677 
-348.915 0.000341639 
-345.576 0.000347761 
-342.237 0.00035405 
-338.898 0.000360511 
-335.559 0.00036715 
-332.22 0.000373975 
-328.881 0.000380993 
-325.543 0.00038821 
-322.204 0.000395634 
-318.865 0.000403274 
-315.526 0.000411137 
-312.187 0.000419233 
-308.848 0.000427571 
-305.509 0.00043616 
-302.17 0.000445012 
-298.831 0.000454135 
-295.492 0.000463543 
-292.154 0.000473246 
-288.815 0.000483258 
-285.476 0.000493591 
-282.137 0.000504259 
-278.798 0.000515278 
-275.459 0.000526662 
-272.12 0.000538428 
-268.781 0.000550594 
-265.442 0.000563177 
-262.104 0.000576197 
-258.765 0.000589674 
-255.426 0.00060363 
-252.087 0.000618088 
-248.748 0.000633073 
-245.409 0.00064861 
-242.07 0.000664727 
-238.731 0.000681453 
-235.392 0.000698819 
-232.053 0.000716858 
-228.715 0.000735606 
-225.376 0.000755099 
-222.037 0.00077538 
-218.698 0.000796489 
-215.359 0.000818473 
-212.02 0.000841382 
-208.681 0.000865267 
-205.342 0.000890185 
-202.003 0.000916197 
-198.664 0.000943368 
-195.326 0.000971767 
-191.987 0.00100147 
-188.648 0.00103256 
-185.309 0.00106512 
-181.97 0.00109924 
-178.631 0.00113504 
-175.292 0.00117261 
-171.953 0.00121209 
-168.614 0.0012536 
-165.275 0.00129727 
-161.937 0.00134328 
-158.598 0.00139178 
-155.259 0.00144296 
-151.92 0.00149702 
-148.581 0.00155418 
-145.242 0.00161468 
-141.903 0.00167879 
-138.564 0.00174681 
-135.225 0.00181905 
-131.886 0.00189587 
-128.548 0.00197768 
-125.209 0.0020649 
-121.87 0.00215804 
-118.531 0.00225764 
-115.192 0.00236431 
-111.853 0.00247874 
-108.514 0.0026017 
-105.175 0.00273406 
-101.836 0.00287682 
-98.4975 0.00303108 
-95.1586 0.00319812 
-91.8197 0.0033794 
-88.4808 0.00357658 
-85.1419 0.0037916 
-81.803 0.00402666 
-78.4641 0.00428436 
-75.1252 0.0045677 
-71.7863 0.00488021 
-68.4474 0.00522606 
-65.1085 0.00561018 
-61.7696 0.00603845 
-58.4307 0.00651795 
-55.0918 0.00705723 
-51.7529 0.0076667 
-48.414 0.00835918 
-45.0751 0.00915055 
-41.7362 0.0100607 
-38.3973 0.0111149 
-35.0584 0.0123455 
-31.7195 0.0137945 
-28.3806 0.0155175 
-25.0417 0.0175892 
-21.7028 0.0201117 
-18.3639 0.0232285 
-15.025 0.027146 
-11.6861 0.0321712 
-8.34725 0.038778 
-5.00835 0.0477339 
-1.66945 0.0603596 
1.66945 0.0791198 
5.00835 0.109177 
8.34725 0.163513 
11.6861 0.288876 
15.025 0.904202 
18.3639 0.943594 
21.7028 0.9427 
25.0417 0.936957 
28.3806 0.928065 
31.7195 0.915152 
35.0584 0.894881 
38.3973 0.855338 
41.7362 0.696088 
45.0751 0.283793 
48.414 0.162345 
51.7529 0.108671 
55.0918 0.0788378 
58.4307 0.0601791 
61.7696 0.0476076 
65.1085 0.0386842 
68.4474 0.0320983 
71.7863 0.0270873 
75.1252 0.02318 
78.4641 0.0200707 
81.803 0.0175538 
85.1419 0.0154867 
88.4808 0.0137672 
91.8197 0.012321 
95.1586 0.0110928 
98.4975 0.0100406 
101.836 0.00913205 
105.175 0.0083421 
108.514 0.00765084 
111.853 0.00704243 
115.192 0.00650409 
118.531 0.00602541 
121.87 0.00559787 
125.209 0.0052144 
128.548 0.00486914 
131.886 0.00455715 
135.225 0.0042743 
138.564 0.00401704 
141.903 0.00378237 
145.242 0.00356772 
148.581 0.00337088 
151.92 0.00318991 
155.259 0.00302316 
158.598 0.00286916 
161.937 0.00272666 
165.275 0.00259453 
168.614 0.00247179 
171.953 0.00235757 
175.292 0.00225109 
178.631 0.00215168 
181.97 0.00205871 
185.309 0.00197165 
188.648 0.00188999 
191.987 0.00181332 
195.326 0.00174121 
198.664 0.00167333 
202.003 0.00160934 
205.342 0.00154896 
208.681 0.00149191 
212.02 0.00143796 
215.359 0.00138689 
218.698 0.00133849 
222.037 0.00129258 
225.376 0.00124899 
228.715 0.00120758 
232.053 0.00116818 
235.392 0.00113069 
238.731 0.00109497 
242.07 0.00106092 
245.409 0.00102843 
248.748 0.000997418 
252.087 0.000967783 
255.426 0.000939449 
258.765 0.000912342 
262.104 0.000886391 
265.442 0.000861532 
268.781 0.000837704 
272.12 0.000814851 
275.459 0.000792921 
278.798 0.000771864 
282.137 0.000751634 
285.476 0.000732189 
288.815 0.000713489 
292.154 0.000695496 
295.492 0.000678176 
298.831 0.000661494 
302.17 0.000645419 
305.509 0.000629924 
308.848 0.00061498 
312.187 0.000600561 
315.526 0.000586643 
318.865 0.000573203 
322.204 0.000560219 
325.543 0.000547672 
328.881 0.000535541 
332.22 0.000523809 
335.559 0.000512458 
338.898 0.000501471 
342.237 0.000490834 
345.576 0.000480532 
348.915 0.00047055 
352.254 0.000460877 
355.593 0.000451498 
358.932 0.000442402 
362.27 0.000433579 
365.609 0.000425016 
368.948 0.000416705 
372.287 0.000408635 
375.626 0.000400797 
378.965 0.000393182 
382.304 0.000385782 
385.643 0.000378588 
388.982 0.000371594 
392.321 0.000364792 
395.659 0.000358175 
398.998 0.000351736 
402.337 0.000345469 
405.676 0.000339367 
409.015 0.000333426 
412.354 0.00032764 
415.693 0.000322002 
419.032 0.000316509 
422.371 0.000311155 
425.71 0.000305936 
429.048 0.000300847 
432.387 0.000295883 
435.726 0.000291041 
439.065 0.000286317 
442.404 0.000281708 
445.743 0.000277208 
449.082 0.000272815 
452.421 0.000268526 
455.76 0.000264337 
459.099 0.000260245 
462.437 0.000256247 
465.776 0.000252341 
469.115 0.000248523 
472.454 0.000244791 
475.793 0.000241142 
479.132 0.000237575 
482.471 0.000234086 
485.81 0.000230673 
489.149 0.000227334 
492.487 0.000224067 
495.826 0.000220869 
499.165 0.00021774 
502.504 0.000214677 
505.843 0.000211677 
509.182 0.00020874 
512.521 0.000205864 
515.86 0.000203047 
519.199 0.000200287 
522.538 0.000197583 
525.876 0.000194933 
529.215 0.000192336 
532.554 0.00018979 
535.893 0.000187295 
539.232 0.000184849 
542.571 0.00018245 
545.91 0.000180097 
549.249 0.00017779 
552.588 0.000175526 
555.927 0.000173306 
559.265 0.000171127 
562.604 0.000168989 
565.943 0.000166891 
569.282 0.000164831 
572.621 0.00016281 
575.96 0.000160825 
579.299 0.000158877 
582.638 0.000156963 
585.977 0.000155084 
589.316 0.000153238 
592.654 0.000151425 
595.993 0.000149644 
599.332 0.000147894 
602.671 0.000146175 
606.01 0.000144485 
609.349 0.000142825 
612.688 0.000141193 
616.027 0.000139588 
619.366 0.000138011 
622.705 0.00013646 
626.043 0.000134936 
629.382 0.000133436 
632.721 0.000131962 
636.06 0.000130512 
639.399 0.000129085 
642.738 0.000127682 
646.077 0.000126301 
649.416 0.000124943 
652.755 0.000123606 
656.094 0.000122291 
659.432 0.000120996 
662.771 0.000119722 
666.11 0.000118468 
669.449 0.000117234 
672.788 0.000116019 
676.127 0.000114822 
679.466 0.000113644 
682.805 0.000112484 
686.144 0.000111341 
689.482 0.000110216 
692.821 0.000109108 
696.16 0.000108016 
699.499 0.000106941 
702.838 0.000105881 
706.177 0.000104837 
709.516 0.000103809 
712.855 0.000102795 
716.194 0.000101797 
719.533 0.000100812 
722.871 9.98423E-05 
726.21 9.88861E-05 
729.549 9.79436E-05 
732.888 9.70144E-05 
736.227 9.60984E-05 
739.566 9.51953E-05 
742.905 9.43048E-05 
746.244 9.34268E-05 
749.583 9.25609E-05 
752.922 9.1707E-05 
756.26 9.08648E-05 
759.599 9.00341E-05 
762.938 8.92148E-05 
766.277 8.84066E-05 
769.616 8.76092E-05 
772.955 8.68226E-05 
776.294 8.60466E-05 
779.633 8.52808E-05 
782.972 8.45252E-05 
786.311 8.37796E-05 
789.649 8.30438E-05 
792.988 8.23177E-05 
796.327 8.16009E-05 
799.666 8.08935E-05 
803.005 8.01953E-05 
806.344 7.9506E-05 
809.683 7.88255E-05 
813.022 7.81537E-05 
816.361 7.74905E-05 
819.7 7.68356E-05 
823.038 7.6189E-05 
826.377 7.55505E-05 
829.716 7.492E-05 
833.055 7.42973E-05 
836.394 7.36823E-05 
839.733 7.3075E-05 
843.072 7.2475E-05 
846.411 7.18825E-05 
849.75 7.12971E-05 
853.089 7.07189E-05 
856.427 7.01476E-05 
859.766 6.95832E-05 
863.105 6.90256E-05 
866.444 6.84746E-05 
869.783 6.79302E-05 
873.122 6.73923E-05 
876.461 6.68607E-05 
879.8 6.63353E-05 
883.139 6.58162E-05 
886.477 6.5303E-05 
889.816 6.47958E-05 
893.155 6.42945E-05 
896.494 6.3799E-05 
899.833 6.33092E-05 
903.172 6.2825E-05 
906.511 6.23463E-05 
909.85 6.1873E-05 
913.189 6.14051E-05 
916.528 6.09424E-05 
919.866 6.0485E-05 
923.205 6.00327E-05 
926.544 5.95854E-05 
929.883 5.91431E-05 
933.222 5.87057E-05 
936.561 5.82731E-05 
939.9 5.78452E-05 
943.239 5.74221E-05 
946.578 5.70035E-05 
949.917 5.65895E-05 
953.255 5.618E-05 
956.594 5.57749E-05 
959.933 5.53742E-05 
963.272 5.49777E-05 
966.611 5.45855E-05 
969.95 5.41975E-05 
973.289 5.38135E-05 
976.628 5.34337E-05 
979.967 5.30578E-05 
983.305 5.26858E-05 
986.644 5.23178E-05 
989.983 5.19536E-05 
993.322 5.15931E-05 
996.661 5.12364E-05 
1000 5.08834E-05 
