-1000 5.66201E-05 
-996.661 5.69879E-05 
-993.322 5.73594E-05 
-989.983 5.77345E-05 
-986.644 5.81133E-05 
-983.305 5.84959E-05 
-979.967 5.88823E-05 
-976.628 5.92725E-05 
-973.289 5.96667E-05 
-969.95 6.00648E-05 
-966.611 6.04669E-05 
-963.272 6.0873E-05 
-959.933 6.12833E-05 
-956.594 6.16978E-05 
-953.255 6.21165E-05 
-949.917 6.25394E-05 
-946.578 6.29668E-05 
-943.239 6.33985E-05 
-939.9 6.38347E-05 
-936.561 6.42754E-05 
-933.222 6.47207E-05 
-929.883 6.51707E-05 
-926.544 6.56254E-05 
-923.205 6.60849E-05 
-919.866 6.65493E-05 
-916.528 6.70186E-05 
-913.189 6.74928E-05 
-909.85 6.79722E-05 
-906.511 6.84566E-05 
-903.172 6.89463E-05 
-899.833 6.94413E-05 
-896.494 6.99416E-05 
-893.155 7.04474E-05 
-889.816 7.09587E-05 
-886.477 7.14756E-05 
-883.139 7.19982E-05 
-879.8 7.25266E-05 
-876.461 7.30608E-05 
-873.122 7.3601E-05 
-869.783 7.41471E-05 
-866.444 7.46994E-05 
-863.105 7.5258E-05 
-859.766 7.58228E-05 
-856.427 7.6394E-05 
-853.089 7.69717E-05 
-849.75 7.7556E-05 
-846.411 7.8147E-05 
-843.072 7.87448E-05 
-839.733 7.93495E-05 
-836.394 7.99612E-05 
-833.055 8.05801E-05 
-829.716 8.12061E-05 
-826.377 8.18395E-05 
-823.038 8.24804E-05 
-819.7 8.31288E-05 
-816.361 8.3785E-05 
-813.022 8.44489E-05 
-809.683 8.51208E-05 
-806.344 8.58008E-05 
-803.005 8.6489E-05 
-799.666 8.71855E-05 
-796.327 8.78905E-05 
-792.988 8.86041E-05 
-789.649 8.93264E-05 
-786.311 9.00576E-05 
-782.972 9.07979E-05 
-779.633 9.15473E-05 
-776.294 9.23061E-05 
-772.955 9.30744E-05 
-769.616 9.38523E-05 
-766.277 9.46401E-05 
-762.938 9.54378E-05 
-759.599 9.62457E-05 
-756.26 9.7064E-05 
-752.922 9.78927E-05 
-749.583 9.87321E-05 
-746.244 9.95824E-05 
-742.905 0.000100444 
-739.566 0.000101316 
-736.227 0.0001022 
-732.888 0.000103096 
-729.549 0.000104004 
-726.21 0.000104923 
-722.871 0.000105855 
-719.533 0.000106799 
-716.194 0.000107756 
-712.855 0.000108727 
-709.516 0.00010971 
-706.177 0.000110706 
-702.838 0.000111717 
-699.499 0.000112741 
-696.16 0.000113779 
-692.821 0.000114832 
-689.482 0.0001159 
-686.144 0.000116983 
-682.805 0.00011808 
-679.466 0.000119194 
-676.127 0.000120323 
-672.788 0.000121469 
-669.449 0.000122631 
-666.11 0.000123809 
-662.771 0.000125005 
-659.432 0.000126218 
-656.094 0.000127449 
-652.755 0.000128699 
-649.416 0.000129966 
-646.077 0.000131253 
-642.738 0.000132559 
-639.399 0.000133884 
-636.06 0.000135229 
-632.721 0.000136595 
-629.382 0.000137982 
-626.043 0.00013939 
-622.705 0.00014082 
-619.366 0.000142271 
-616.027 0.000143746 
-612.688 0.000145243 
-609.349 0.000146764 
-606.01 0.00014831 
-602.671 0.000149879 
-599.332 0.000151474 
-595.993 0.000153095 
-592.654 0.000154741 
-589.316 0.000156415 
-585.977 0.000158116 
-582.638 0.000159844 
-579.299 0.000161602 
-575.96 0.000163388 
-572.621 0.000165204 
-569.282 0.000167051 
-565.943 0.000168929 
-562.604 0.000170839 
-559.265 0.000172782 
-555.927 0.000174758 
-552.588 0.000176768 
-549.249 0.000178813 
-545.91 0.000180894 
-542.571 0.000183011 
-539.232 0.000185166 
-535.893 0.000187359 
-532.554 0.000189592 
-529.215 0.000191865 
-525.876 0.000194179 
-522.538 0.000196535 
-519.199 0.000198934 
-515.86 0.000201378 
-512.521 0.000203867 
-509.182 0.000206402 
-505.843 0.000208985 
-502.504 0.000211617 
-499.165 0.0002143 
-495.826 0.000217033 
-492.487 0.000219819 
-489.149 0.00022266 
-485.81 0.000225556 
-482.471 0.000228509 
-479.132 0.00023152 
-475.793 0.000234591 
-472.454 0.000237724 
-469.115 0.000240921 
-465.776 0.000244182 
-462.437 0.00024751 
-459.099 0.000250907 
-455.76 0.000254374 
-452.421 0.000257914 
-449.082 0.000261528 
-445.743 0.000265219 
-442.404 0.000268988 
-439.065 0.000272839 
-435.726 0.000276773 
-432.387 0.000280793 
-429.048 0.000284902 
-425.71 0.000289101 
-422.371 0.000293394 
-419.032 0.000297783 
-415.693 0.000302272 
-412.354 0.000306864 
-409.015 0.000311561 
-405.676 0.000316366 
-402.337 0.000321284 
-398.998 0.000326318 
-395.659 0.000331471 
-392.321 0.000336747 
-388.982 0.000342151 
-385.643 0.000347685 
-382.304 0.000353356 
-378.965 0.000359166 
-375.626 0.000365121 
-372.287 0.000371226 
-368.948 0.000377485 
-365.609 0.000383904 
-362.27 0.000390489 
-358.932 0.000397245 
-355.593 0.000404178 
-352.254 0.000411294 
-348.915 0.0004186 
-345.576 0.000426102 
-342.237 0.000433809 
-338.898 0.000441727 
-335.559 0.000449863 
-332.22 0.000458227 
-328.881 0.000466827 
-325.543 0.000475672 
-322.204 0.000484771 
-318.865 0.000494133 
-315.526 0.00050377 
-312.187 0.000513692 
-308.848 0.00052391 
-305.509 0.000534437 
-302.17 0.000545285 
-298.831 0.000556467 
-295.492 0.000567996 
-292.154 0.000579889 
-288.815 0.000592159 
-285.476 0.000604823 
-282.137 0.000617899 
-278.798 0.000631404 
-275.459 0.000645357 
-272.12 0.000659779 
-268.781 0.000674689 
-265.442 0.000690112 
-262.104 0.000706071 
-258.765 0.00072259 
-255.426 0.000739697 
-252.087 0.000757419 
-248.748 0.000775787 
-245.409 0.000794832 
-242.07 0.000814588 
-238.731 0.000835091 
-235.392 0.000856379 
-232.053 0.000878493 
-228.715 0.000901475 
-225.376 0.000925373 
-222.037 0.000950235 
-218.698 0.000976114 
-215.359 0.00100307 
-212.02 0.00103115 
-208.681 0.00106044 
-205.342 0.00109099 
-202.003 0.00112288 
-198.664 0.00115619 
-195.326 0.00119101 
-191.987 0.00122743 
-188.648 0.00126555 
-185.309 0.00130548 
-181.97 0.00134733 
-178.631 0.00139123 
-175.292 0.00143731 
-171.953 0.00148572 
-168.614 0.00153662 
-165.275 0.0015902 
-161.937 0.00164662 
-158.598 0.00170611 
-155.259 0.00176889 
-151.92 0.00183521 
-148.581 0.00190533 
-145.242 0.00197956 
-141.903 0.00205821 
-138.564 0.00214167 
-135.225 0.00223031 
-131.886 0.00232458 
-128.548 0.00242498 
-125.209 0.00253203 
-121.87 0.00264635 
-118.531 0.00276861 
-115.192 0.00289956 
-111.853 0.00304005 
-108.514 0.00319104 
-105.175 0.00335359 
-101.836 0.00352891 
-98.4975 0.0037184 
-95.1586 0.00392362 
-91.8197 0.00414636 
-88.4808 0.0043887 
-85.1419 0.00465299 
-81.803 0.00494198 
-78.4641 0.00525887 
-75.1252 0.00560739 
-71.7863 0.00599188 
-68.4474 0.00641753 
-65.1085 0.00689042 
-61.7696 0.00741788 
-58.4307 0.00800868 
-55.0918 0.00867344 
-51.7529 0.00942512 
-48.414 0.0102797 
-45.0751 0.011257 
-41.7362 0.0123819 
-38.3973 0.013686 
-35.0584 0.0152099 
-31.7195 0.0170066 
-28.3806 0.0191463 
-25.0417 0.0217235 
-21.7028 0.0248687 
-18.3639 0.0287655 
-15.025 0.0336804 
-11.6861 0.0400133 
-8.34725 0.0483891 
-5.00835 0.0598364 
-1.66945 0.0761662 
1.66945 0.100876 
5.00835 0.141712 
8.34725 0.220373 
11.6861 0.444335 
15.025 0.949056 
18.3639 0.953174 
21.7028 0.949414 
25.0417 0.94317 
28.3806 0.934774 
31.7195 0.923423 
35.0584 0.906895 
38.3973 0.878716 
41.7362 0.807296 
45.0751 0.42417 
48.414 0.218183 
51.7529 0.140925 
55.0918 0.100472 
58.4307 0.0759189 
61.7696 0.0596683 
65.1085 0.0482665 
68.4474 0.0399193 
71.7863 0.0336055 
75.1252 0.0287039 
78.4641 0.0248169 
81.803 0.0216792 
85.1419 0.0191076 
88.4808 0.0169725 
91.8197 0.0151794 
95.1586 0.0136585 
98.4975 0.0123569 
101.836 0.0112341 
105.175 0.0102586 
108.514 0.00940552 
111.853 0.00865516 
115.192 0.00799156 
118.531 0.00740179 
121.87 0.00687524 
125.209 0.00640316 
128.548 0.00597824 
131.886 0.0055944 
135.225 0.00524649 
138.564 0.00493014 
141.903 0.00464164 
145.242 0.0043778 
148.581 0.00413589 
151.92 0.00391353 
155.259 0.00370867 
158.598 0.00351951 
161.937 0.0033445 
165.275 0.00318224 
168.614 0.00303152 
171.953 0.00289128 
175.292 0.00276057 
178.631 0.00263854 
181.97 0.00252443 
185.309 0.00241757 
188.648 0.00231737 
191.987 0.00222328 
195.326 0.0021348 
198.664 0.00205151 
202.003 0.00197301 
205.342 0.00189893 
208.681 0.00182895 
212.02 0.00176277 
215.359 0.00170011 
218.698 0.00164075 
222.037 0.00158444 
225.376 0.00153098 
228.715 0.00148018 
232.053 0.00143187 
235.392 0.00138589 
238.731 0.00134209 
242.07 0.00130034 
245.409 0.0012605 
248.748 0.00122247 
252.087 0.00118613 
255.426 0.00115139 
258.765 0.00111815 
262.104 0.00108634 
265.442 0.00105586 
268.781 0.00102664 
272.12 0.000998626 
275.459 0.000971739 
278.798 0.000945924 
282.137 0.000921125 
285.476 0.000897287 
288.815 0.000874363 
292.154 0.000852307 
295.492 0.000831074 
298.831 0.000810625 
302.17 0.000790921 
305.509 0.000771927 
308.848 0.000753609 
312.187 0.000735935 
315.526 0.000718875 
318.865 0.000702401 
322.204 0.000686487 
325.543 0.000671108 
328.881 0.00065624 
332.22 0.00064186 
335.559 0.000627947 
338.898 0.000614482 
342.237 0.000601445 
345.576 0.000588818 
348.915 0.000576585 
352.254 0.000564729 
355.593 0.000553234 
358.932 0.000542087 
362.27 0.000531273 
365.609 0.000520779 
368.948 0.000510593 
372.287 0.000500703 
375.626 0.000491097 
378.965 0.000481765 
382.304 0.000472696 
385.643 0.00046388 
388.982 0.000455309 
392.321 0.000446973 
395.659 0.000438864 
398.998 0.000430973 
402.337 0.000423293 
405.676 0.000415816 
409.015 0.000408536 
412.354 0.000401445 
415.693 0.000394536 
419.032 0.000387805 
422.371 0.000381244 
425.71 0.000374848 
429.048 0.000368612 
432.387 0.000362529 
435.726 0.000356596 
439.065 0.000350807 
442.404 0.000345158 
445.743 0.000339645 
449.082 0.000334262 
452.421 0.000329006 
455.76 0.000323873 
459.099 0.000318858 
462.437 0.00031396 
465.776 0.000309173 
469.115 0.000304495 
472.454 0.000299922 
475.793 0.000295451 
479.132 0.00029108 
482.471 0.000286804 
485.81 0.000282622 
489.149 0.000278531 
492.487 0.000274527 
495.826 0.00027061 
499.165 0.000266775 
502.504 0.000263022 
505.843 0.000259347 
509.182 0.000255748 
512.521 0.000252224 
515.86 0.000248772 
519.199 0.00024539 
522.538 0.000242076 
525.876 0.00023883 
529.215 0.000235648 
532.554 0.000232529 
535.893 0.000229471 
539.232 0.000226474 
542.571 0.000223534 
545.91 0.000220652 
549.249 0.000217824 
552.588 0.000215051 
555.927 0.00021233 
559.265 0.000209661 
562.604 0.000207041 
565.943 0.00020447 
569.282 0.000201947 
572.621 0.00019947 
575.96 0.000197038 
579.299 0.000194651 
582.638 0.000192306 
585.977 0.000190004 
589.316 0.000187742 
592.654 0.000185521 
595.993 0.000183339 
599.332 0.000181195 
602.671 0.000179088 
606.01 0.000177018 
609.349 0.000174983 
612.688 0.000172983 
616.027 0.000171018 
619.366 0.000169085 
622.705 0.000167185 
626.043 0.000165317 
629.382 0.00016348 
632.721 0.000161674 
636.06 0.000159897 
639.399 0.000158149 
642.738 0.000156429 
646.077 0.000154738 
649.416 0.000153074 
652.755 0.000151436 
656.094 0.000149825 
659.432 0.000148239 
662.771 0.000146678 
666.11 0.000145141 
669.449 0.000143629 
672.788 0.00014214 
676.127 0.000140674 
679.466 0.00013923 
682.805 0.000137809 
686.144 0.000136409 
689.482 0.00013503 
692.821 0.000133672 
696.16 0.000132335 
699.499 0.000131017 
702.838 0.000129719 
706.177 0.00012844 
709.516 0.00012718 
712.855 0.000125939 
716.194 0.000124715 
719.533 0.000123509 
722.871 0.00012232 
726.21 0.000121149 
729.549 0.000119994 
732.888 0.000118856 
736.227 0.000117734 
739.566 0.000116627 
742.905 0.000115536 
746.244 0.00011446 
749.583 0.000113399 
752.922 0.000112353 
756.26 0.000111321 
759.599 0.000110304 
762.938 0.0001093 
766.277 0.00010831 
769.616 0.000107333 
772.955 0.000106369 
776.294 0.000105418 
779.633 0.00010448 
782.972 0.000103554 
786.311 0.000102641 
789.649 0.000101739 
792.988 0.00010085 
796.327 9.99715E-05 
799.666 9.91048E-05 
803.005 9.82493E-05 
806.344 9.74048E-05 
809.683 9.65711E-05 
813.022 9.57481E-05 
816.361 9.49355E-05 
819.7 9.41332E-05 
823.038 9.3341E-05 
826.377 9.25587E-05 
829.716 9.17862E-05 
833.055 9.10233E-05 
836.394 9.02699E-05 
839.733 8.95257E-05 
843.072 8.87907E-05 
846.411 8.80647E-05 
849.75 8.73476E-05 
853.089 8.66391E-05 
856.427 8.59392E-05 
859.766 8.52478E-05 
863.105 8.45646E-05 
866.444 8.38896E-05 
869.783 8.32226E-05 
873.122 8.25636E-05 
876.461 8.19123E-05 
879.8 8.12686E-05 
883.139 8.06325E-05 
886.477 8.00039E-05 
889.816 7.93825E-05 
893.155 7.87683E-05 
896.494 7.81612E-05 
899.833 7.75611E-05 
903.172 7.69679E-05 
906.511 7.63814E-05 
909.85 7.58016E-05 
913.189 7.52283E-05 
916.528 7.46615E-05 
919.866 7.41011E-05 
923.205 7.35469E-05 
926.544 7.2999E-05 
929.883 7.24571E-05 
933.222 7.19212E-05 
936.561 7.13912E-05 
939.9 7.0867E-05 
943.239 7.03486E-05 
946.578 6.98358E-05 
949.917 6.93286E-05 
953.255 6.88269E-05 
956.594 6.83306E-05 
959.933 6.78396E-05 
963.272 6.73539E-05 
966.611 6.68734E-05 
969.95 6.6398E-05 
973.289 6.59276E-05 
976.628 6.54622E-05 
979.967 6.50017E-05 
983.305 6.4546E-05 
986.644 6.40951E-05 
989.983 6.36488E-05 
993.322 6.32073E-05 
996.661 6.27702E-05 
1000 6.23377E-05 
