-1000 4.57065E-05 
-996.661 4.60041E-05 
-993.322 4.63047E-05 
-989.983 4.66083E-05 
-986.644 4.69148E-05 
-983.305 4.72244E-05 
-979.967 4.75371E-05 
-976.628 4.78529E-05 
-973.289 4.81719E-05 
-969.95 4.8494E-05 
-966.611 4.88195E-05 
-963.272 4.91482E-05 
-959.933 4.94803E-05 
-956.594 4.98157E-05 
-953.255 5.01546E-05 
-949.917 5.0497E-05 
-946.578 5.08429E-05 
-943.239 5.11924E-05 
-939.9 5.15455E-05 
-936.561 5.19023E-05 
-933.222 5.22629E-05 
-929.883 5.26272E-05 
-926.544 5.29953E-05 
-923.205 5.33673E-05 
-919.866 5.37433E-05 
-916.528 5.41233E-05 
-913.189 5.45073E-05 
-909.85 5.48954E-05 
-906.511 5.52877E-05 
-903.172 5.56843E-05 
-899.833 5.60851E-05 
-896.494 5.64903E-05 
-893.155 5.69E-05 
-889.816 5.73141E-05 
-886.477 5.77327E-05 
-883.139 5.8156E-05 
-879.8 5.8584E-05 
-876.461 5.90167E-05 
-873.122 5.94542E-05 
-869.783 5.98967E-05 
-866.444 6.03441E-05 
-863.105 6.07965E-05 
-859.766 6.12541E-05 
-856.427 6.17169E-05 
-853.089 6.2185E-05 
-849.75 6.26584E-05 
-846.411 6.31373E-05 
-843.072 6.36217E-05 
-839.733 6.41117E-05 
-836.394 6.46074E-05 
-833.055 6.51089E-05 
-829.716 6.56163E-05 
-826.377 6.61296E-05 
-823.038 6.6649E-05 
-819.7 6.71746E-05 
-816.361 6.77064E-05 
-813.022 6.82446E-05 
-809.683 6.87893E-05 
-806.344 6.93405E-05 
-803.005 6.98984E-05 
-799.666 7.0463E-05 
-796.327 7.10346E-05 
-792.988 7.16131E-05 
-789.649 7.21988E-05 
-786.311 7.27917E-05 
-782.972 7.3392E-05 
-779.633 7.39997E-05 
-776.294 7.4615E-05 
-772.955 7.52381E-05 
-769.616 7.5869E-05 
-766.277 7.65079E-05 
-762.938 7.7155E-05 
-759.599 7.78103E-05 
-756.26 7.8474E-05 
-752.922 7.91463E-05 
-749.583 7.98272E-05 
-746.244 8.0517E-05 
-742.905 8.12158E-05 
-739.566 8.19238E-05 
-736.227 8.26411E-05 
-732.888 8.33679E-05 
-729.549 8.41043E-05 
-726.21 8.48506E-05 
-722.871 8.56069E-05 
-719.533 8.63733E-05 
-716.194 8.71501E-05 
-712.855 8.79375E-05 
-709.516 8.87356E-05 
-706.177 8.95446E-05 
-702.838 9.03648E-05 
-699.499 9.11964E-05 
-696.16 9.20395E-05 
-692.821 9.28943E-05 
-689.482 9.37612E-05 
-686.144 9.46403E-05 
-682.805 9.55319E-05 
-679.466 9.64361E-05 
-676.127 9.73533E-05 
-672.788 9.82836E-05 
-669.449 9.92274E-05 
-666.11 0.000100185 
-662.771 0.000101156 
-659.432 0.000102142 
-656.094 0.000103142 
-652.755 0.000104157 
-649.416 0.000105187 
-646.077 0.000106233 
-642.738 0.000107294 
-639.399 0.000108371 
-636.06 0.000109464 
-632.721 0.000110574 
-629.382 0.000111702 
-626.043 0.000112846 
-622.705 0.000114008 
-619.366 0.000115189 
-616.027 0.000116388 
-612.688 0.000117605 
-609.349 0.000118842 
-606.01 0.000120099 
-602.671 0.000121375 
-599.332 0.000122673 
-595.993 0.000123991 
-592.654 0.00012533 
-589.316 0.000126692 
-585.977 0.000128075 
-582.638 0.000129482 
-579.299 0.000130912 
-575.96 0.000132366 
-572.621 0.000133844 
-569.282 0.000135347 
-565.943 0.000136876 
-562.604 0.000138431 
-559.265 0.000140012 
-555.927 0.000141621 
-552.588 0.000143258 
-549.249 0.000144923 
-545.91 0.000146618 
-542.571 0.000148342 
-539.232 0.000150097 
-535.893 0.000151884 
-532.554 0.000153703 
-529.215 0.000155555 
-525.876 0.00015744 
-522.538 0.00015936 
-519.199 0.000161315 
-515.86 0.000163307 
-512.521 0.000165336 
-509.182 0.000167403 
-505.843 0.000169509 
-502.504 0.000171655 
-499.165 0.000173842 
-495.826 0.000176072 
-492.487 0.000178344 
-489.149 0.000180661 
-485.81 0.000183024 
-482.471 0.000185433 
-479.132 0.00018789 
-475.793 0.000190397 
-472.454 0.000192954 
-469.115 0.000195563 
-465.776 0.000198225 
-462.437 0.000200943 
-459.099 0.000203716 
-455.76 0.000206548 
-452.421 0.000209439 
-449.082 0.000212391 
-445.743 0.000215406 
-442.404 0.000218486 
-439.065 0.000221633 
-435.726 0.000224848 
-432.387 0.000228134 
-429.048 0.000231493 
-425.71 0.000234926 
-422.371 0.000238437 
-419.032 0.000242026 
-415.693 0.000245698 
-412.354 0.000249454 
-409.015 0.000253297 
-405.676 0.00025723 
-402.337 0.000261255 
-398.998 0.000265375 
-395.659 0.000269594 
-392.321 0.000273915 
-388.982 0.00027834 
-385.643 0.000282873 
-382.304 0.000287519 
-378.965 0.00029228 
-375.626 0.00029716 
-372.287 0.000302164 
-368.948 0.000307295 
-365.609 0.000312559 
-362.27 0.000317959 
-358.932 0.000323501 
-355.593 0.000329188 
-352.254 0.000335028 
-348.915 0.000341024 
-345.576 0.000347183 
-342.237 0.000353511 
-338.898 0.000360014 
-335.559 0.000366698 
-332.22 0.00037357 
-328.881 0.000380637 
-325.543 0.000387907 
-322.204 0.000395388 
-318.865 0.000403088 
-315.526 0.000411015 
-312.187 0.000419178 
-308.848 0.000427587 
-305.509 0.000436253 
-302.17 0.000445185 
-298.831 0.000454394 
-295.492 0.000463893 
-292.154 0.000473693 
-288.815 0.000483807 
-285.476 0.00049425 
-282.137 0.000505034 
-278.798 0.000516176 
-275.459 0.000527691 
-272.12 0.000539596 
-268.781 0.00055191 
-265.442 0.00056465 
-262.104 0.000577837 
-258.765 0.000591492 
-255.426 0.000605638 
-252.087 0.000620298 
-248.748 0.000635498 
-245.409 0.000651264 
-242.07 0.000667625 
-238.731 0.000684611 
-235.392 0.000702254 
-232.053 0.00072059 
-228.715 0.000739654 
-225.376 0.000759485 
-222.037 0.000780126 
-218.698 0.000801622 
-215.359 0.000824019 
-212.02 0.00084737 
-208.681 0.000871729 
-205.342 0.000897155 
-202.003 0.000923712 
-198.664 0.000951467 
-195.326 0.000980494 
-191.987 0.00101087 
-188.648 0.00104269 
-185.309 0.00107603 
-181.97 0.001111 
-178.631 0.0011477 
-175.292 0.00118626 
-171.953 0.00122679 
-168.614 0.00126945 
-165.275 0.00131437 
-161.937 0.00136172 
-158.598 0.00141168 
-155.259 0.00146445 
-151.92 0.00152023 
-148.581 0.00157928 
-145.242 0.00164183 
-141.903 0.00170818 
-138.564 0.00177865 
-135.225 0.00185357 
-131.886 0.00193335 
-128.548 0.00201839 
-125.209 0.00210918 
-121.87 0.00220625 
-118.531 0.0023102 
-115.192 0.00242168 
-111.853 0.00254145 
-108.514 0.00267035 
-105.175 0.00280934 
-101.836 0.0029595 
-98.4975 0.00312205 
-95.1586 0.00329841 
-91.8197 0.0034902 
-88.4808 0.00369926 
-85.1419 0.00392774 
-81.803 0.00417814 
-78.4641 0.00445335 
-75.1252 0.00475678 
-71.7863 0.00509243 
-68.4474 0.00546506 
-65.1085 0.00588033 
-61.7696 0.00634502 
-58.4307 0.00686734 
-55.0918 0.00745729 
-51.7529 0.00812714 
-48.414 0.00889208 
-45.0751 0.00977114 
-41.7362 0.0107884 
-38.3973 0.0119746 
-35.0584 0.0133698 
-31.7195 0.0150268 
-28.3806 0.017016 
-25.0417 0.0194341 
-21.7028 0.022416 
-18.3639 0.0261552 
-15.025 0.0309381 
-11.6861 0.0372045 
-8.34725 0.0456614 
-5.00835 0.0575146 
-1.66945 0.0749846 
1.66945 0.102634 
5.00835 0.15157 
8.34725 0.258936 
11.6861 0.87307 
15.025 0.961682 
18.3639 0.959963 
21.7028 0.954815 
25.0417 0.947469 
28.3806 0.937198 
31.7195 0.921489 
35.0584 0.891679 
38.3973 0.775454 
41.7362 0.300177 
45.0751 0.167294 
48.414 0.110795 
51.7529 0.0798772 
55.0918 0.0607138 
58.4307 0.0478807 
61.7696 0.0388119 
65.1085 0.0321417 
68.4474 0.0270806 
71.7863 0.0231431 
75.1252 0.0200158 
78.4641 0.0174885 
81.803 0.0154156 
85.1419 0.0136935 
88.4808 0.0122467 
91.8197 0.0110192 
95.1586 0.00996845 
98.4975 0.00906193 
101.836 0.00827428 
105.175 0.00758548 
108.514 0.0069796 
111.853 0.00644378 
115.192 0.0059676 
118.531 0.00554247 
121.87 0.00516135 
125.209 0.00481833 
128.548 0.00450849 
131.886 0.00422767 
135.225 0.00397236 
138.564 0.00373954 
141.903 0.00352664 
145.242 0.00333145 
148.581 0.00315206 
151.92 0.00298679 
155.259 0.00283421 
158.598 0.00269305 
161.937 0.00256219 
165.275 0.00244065 
168.614 0.00232756 
171.953 0.00222217 
175.292 0.00212378 
178.631 0.00203179 
181.97 0.00194566 
185.309 0.00186489 
188.648 0.00178905 
191.987 0.00171775 
195.326 0.00165063 
198.664 0.00158737 
202.003 0.00152768 
205.342 0.0014713 
208.681 0.00141798 
212.02 0.00136751 
215.359 0.00131969 
218.698 0.00127434 
222.037 0.00123128 
225.376 0.00119037 
228.715 0.00115146 
232.053 0.00111444 
235.392 0.00107917 
238.731 0.00104554 
242.07 0.00101347 
245.409 0.000982849 
248.748 0.000953595 
252.087 0.000925628 
255.426 0.000898873 
258.765 0.000873262 
262.104 0.000848729 
265.442 0.000825216 
268.781 0.000802666 
272.12 0.000781028 
275.459 0.000760254 
278.798 0.000740296 
282.137 0.000721115 
285.476 0.000702669 
288.815 0.000684921 
292.154 0.000667837 
295.492 0.000651385 
298.831 0.000635532 
302.17 0.000620251 
305.509 0.000605515 
308.848 0.000591297 
312.187 0.000577574 
315.526 0.000564323 
318.865 0.000551522 
322.204 0.000539152 
325.543 0.000527193 
328.881 0.000515628 
332.22 0.000504439 
335.559 0.000493609 
338.898 0.000483125 
342.237 0.000472971 
345.576 0.000463133 
348.915 0.000453599 
352.254 0.000444357 
355.593 0.000435393 
358.932 0.000426698 
362.27 0.000418261 
365.609 0.000410071 
368.948 0.000402119 
372.287 0.000394396 
375.626 0.000386894 
378.965 0.000379603 
382.304 0.000372516 
385.643 0.000365626 
388.982 0.000358925 
392.321 0.000352406 
395.659 0.000346063 
398.998 0.00033989 
402.337 0.00033388 
405.676 0.000328028 
409.015 0.000322328 
412.354 0.000316776 
415.693 0.000311366 
419.032 0.000306092 
422.371 0.000300952 
425.71 0.00029594 
429.048 0.000291052 
432.387 0.000286284 
435.726 0.000281632 
439.065 0.000277092 
442.404 0.000272661 
445.743 0.000268336 
449.082 0.000264112 
452.421 0.000259988 
455.76 0.000255959 
459.099 0.000252022 
462.437 0.000248176 
465.776 0.000244417 
469.115 0.000240743 
472.454 0.000237151 
475.793 0.000233639 
479.132 0.000230204 
482.471 0.000226844 
485.81 0.000223557 
489.149 0.000220341 
492.487 0.000217193 
495.826 0.000214113 
499.165 0.000211097 
502.504 0.000208145 
505.843 0.000205254 
509.182 0.000202423 
512.521 0.00019965 
515.86 0.000196933 
519.199 0.000194272 
522.538 0.000191664 
525.876 0.000189108 
529.215 0.000186602 
532.554 0.000184147 
535.893 0.000181739 
539.232 0.000179378 
542.571 0.000177063 
545.91 0.000174792 
549.249 0.000172564 
552.588 0.000170379 
555.927 0.000168235 
559.265 0.000166131 
562.604 0.000164066 
565.943 0.00016204 
569.282 0.000160051 
572.621 0.000158098 
575.96 0.00015618 
579.299 0.000154297 
582.638 0.000152448 
585.977 0.000150632 
589.316 0.000148848 
592.654 0.000147096 
595.993 0.000145374 
599.332 0.000143682 
602.671 0.00014202 
606.01 0.000140386 
609.349 0.000138781 
612.688 0.000137202 
616.027 0.00013565 
619.366 0.000134125 
622.705 0.000132625 
626.043 0.00013115 
629.382 0.000129699 
632.721 0.000128272 
636.06 0.000126869 
639.399 0.000125489 
642.738 0.00012413 
646.077 0.000122794 
649.416 0.000121479 
652.755 0.000120185 
656.094 0.000118912 
659.432 0.000117659 
662.771 0.000116425 
666.11 0.000115211 
669.449 0.000114016 
672.788 0.000112839 
676.127 0.00011168 
679.466 0.000110539 
682.805 0.000109415 
686.144 0.000108308 
689.482 0.000107218 
692.821 0.000106144 
696.16 0.000105086 
699.499 0.000104044 
702.838 0.000103018 
706.177 0.000102006 
709.516 0.000101009 
712.855 0.000100027 
716.194 9.90591E-05 
719.533 9.8105E-05 
722.871 9.71647E-05 
726.21 9.62377E-05 
729.549 9.53239E-05 
732.888 9.44231E-05 
736.227 9.35349E-05 
739.566 9.26592E-05 
742.905 9.17956E-05 
746.244 9.09441E-05 
749.583 9.01044E-05 
752.922 8.92761E-05 
756.26 8.84593E-05 
759.599 8.76535E-05 
762.938 8.68588E-05 
766.277 8.60747E-05 
769.616 8.53012E-05 
772.955 8.4538E-05 
776.294 8.3785E-05 
779.633 8.3042E-05 
782.972 8.23088E-05 
786.311 8.15853E-05 
789.649 8.08713E-05 
792.988 8.01665E-05 
796.327 7.94709E-05 
799.666 7.87843E-05 
803.005 7.81065E-05 
806.344 7.74375E-05 
809.683 7.67769E-05 
813.022 7.61248E-05 
816.361 7.54809E-05 
819.7 7.48451E-05 
823.038 7.42173E-05 
826.377 7.35974E-05 
829.716 7.29851E-05 
833.055 7.23805E-05 
836.394 7.17833E-05 
839.733 7.11935E-05 
843.072 7.06109E-05 
846.411 7.00353E-05 
849.75 6.94668E-05 
853.089 6.89052E-05 
856.427 6.83503E-05 
859.766 6.78021E-05 
863.105 6.72604E-05 
866.444 6.67252E-05 
869.783 6.61963E-05 
873.122 6.56737E-05 
876.461 6.51572E-05 
879.8 6.46468E-05 
883.139 6.41423E-05 
886.477 6.36437E-05 
889.816 6.31509E-05 
893.155 6.26637E-05 
896.494 6.21822E-05 
899.833 6.17062E-05 
903.172 6.12356E-05 
906.511 6.07703E-05 
909.85 6.03104E-05 
913.189 5.98556E-05 
916.528 5.94059E-05 
919.866 5.89612E-05 
923.205 5.85215E-05 
926.544 5.80868E-05 
929.883 5.76568E-05 
933.222 5.72315E-05 
936.561 5.6811E-05 
939.9 5.6395E-05 
943.239 5.59836E-05 
946.578 5.55766E-05 
949.917 5.51741E-05 
953.255 5.47759E-05 
956.594 5.4382E-05 
959.933 5.39923E-05 
963.272 5.36067E-05 
966.611 5.32253E-05 
969.95 5.28479E-05 
973.289 5.24745E-05 
976.628 5.21051E-05 
979.967 5.17395E-05 
983.305 5.13777E-05 
986.644 5.10197E-05 
989.983 5.06654E-05 
993.322 5.03148E-05 
996.661 4.99678E-05 
1000 4.96244E-05 
