-1000 0.0130883 
-996.661 0.0131407 
-993.322 0.0131934 
-989.983 0.0132464 
-986.644 0.0132997 
-983.305 0.0133534 
-979.967 0.0134074 
-976.628 0.0134617 
-973.289 0.0135163 
-969.95 0.0135713 
-966.611 0.0136266 
-963.272 0.0136822 
-959.933 0.0137382 
-956.594 0.0137945 
-953.255 0.0138512 
-949.917 0.0139082 
-946.578 0.0139656 
-943.239 0.0140233 
-939.9 0.0140814 
-936.561 0.0141399 
-933.222 0.0141987 
-929.883 0.0142579 
-926.544 0.0143175 
-923.205 0.0143774 
-919.866 0.0144377 
-916.528 0.0144984 
-913.189 0.0145595 
-909.85 0.0146209 
-906.511 0.0146828 
-903.172 0.0147451 
-899.833 0.0148077 
-896.494 0.0148707 
-893.155 0.0149342 
-889.816 0.0149981 
-886.477 0.0150623 
-883.139 0.015127 
-879.8 0.0151921 
-876.461 0.0152577 
-873.122 0.0153236 
-869.783 0.01539 
-866.444 0.0154568 
-863.105 0.0155241 
-859.766 0.0155918 
-856.427 0.0156599 
-853.089 0.0157285 
-849.75 0.0157975 
-846.411 0.015867 
-843.072 0.015937 
-839.733 0.0160074 
-836.394 0.0160783 
-833.055 0.0161497 
-829.716 0.0162215 
-826.377 0.0162938 
-823.038 0.0163666 
-819.7 0.0164399 
-816.361 0.0165137 
-813.022 0.016588 
-809.683 0.0166628 
-806.344 0.0167381 
-803.005 0.0168139 
-799.666 0.0168903 
-796.327 0.0169671 
-792.988 0.0170445 
-789.649 0.0171224 
-786.311 0.0172009 
-782.972 0.0172799 
-779.633 0.0173594 
-776.294 0.0174395 
-772.955 0.0175202 
-769.616 0.0176014 
-766.277 0.0176832 
-762.938 0.0177655 
-759.599 0.0178485 
-756.26 0.017932 
-752.922 0.0180161 
-749.583 0.0181008 
-746.244 0.0181861 
-742.905 0.018272 
-739.566 0.0183586 
-736.227 0.0184457 
-732.888 0.0185335 
-729.549 0.0186219 
-726.21 0.0187109 
-722.871 0.0188006 
-719.533 0.0188909 
-716.194 0.0189819 
-712.855 0.0190735 
-709.516 0.0191659 
-706.177 0.0192588 
-702.838 0.0193525 
-699.499 0.0194469 
-696.16 0.0195419 
-692.821 0.0196377 
-689.482 0.0197341 
-686.144 0.0198313 
-682.805 0.0199292 
-679.466 0.0200278 
-676.127 0.0201272 
-672.788 0.0202273 
-669.449 0.0203281 
-666.11 0.0204298 
-662.771 0.0205322 
-659.432 0.0206353 
-656.094 0.0207393 
-652.755 0.020844 
-649.416 0.0209495 
-646.077 0.0210559 
-642.738 0.0211631 
-639.399 0.021271 
-636.06 0.0213799 
-632.721 0.0214895 
-629.382 0.0216 
-626.043 0.0217114 
-622.705 0.0218236 
-619.366 0.0219367 
-616.027 0.0220507 
-612.688 0.0221656 
-609.349 0.0222814 
-606.01 0.0223982 
-602.671 0.0225158 
-599.332 0.0226344 
-595.993 0.0227539 
-592.654 0.0228744 
-589.316 0.0229958 
-585.977 0.0231183 
-582.638 0.0232417 
-579.299 0.0233661 
-575.96 0.0234915 
-572.621 0.0236179 
-569.282 0.0237454 
-565.943 0.0238739 
-562.604 0.0240034 
-559.265 0.024134 
-555.927 0.0242657 
-552.588 0.0243985 
-549.249 0.0245324 
-545.91 0.0246674 
-542.571 0.0248035 
-539.232 0.0249407 
-535.893 0.0250792 
-532.554 0.0252187 
-529.215 0.0253595 
-525.876 0.0255014 
-522.538 0.0256446 
-519.199 0.0257889 
-515.86 0.0259345 
-512.521 0.0260814 
-509.182 0.0262294 
-505.843 0.0263788 
-502.504 0.0265295 
-499.165 0.0266815 
-495.826 0.0268347 
-492.487 0.0269894 
-489.149 0.0271453 
-485.81 0.0273027 
-482.471 0.0274614 
-479.132 0.0276215 
-475.793 0.0277831 
-472.454 0.0279461 
-469.115 0.0281105 
-465.776 0.0282764 
-462.437 0.0284438 
-459.099 0.0286126 
-455.76 0.0287831 
-452.421 0.028955 
-449.082 0.0291285 
-445.743 0.0293036 
-442.404 0.0294803 
-439.065 0.0296586 
-435.726 0.0298385 
-432.387 0.0300201 
-429.048 0.0302034 
-425.71 0.0303884 
-422.371 0.0305751 
-419.032 0.0307636 
-415.693 0.0309538 
-412.354 0.0311458 
-409.015 0.0313396 
-405.676 0.0315352 
-402.337 0.0317327 
-398.998 0.0319321 
-395.659 0.0321334 
-392.321 0.0323366 
-388.982 0.0325418 
-385.643 0.032749 
-382.304 0.0329581 
-378.965 0.0331693 
-375.626 0.0333826 
-372.287 0.0335979 
-368.948 0.0338154 
-365.609 0.034035 
-362.27 0.0342568 
-358.932 0.0344807 
-355.593 0.0347069 
-352.254 0.0349354 
-348.915 0.0351662 
-345.576 0.0353993 
-342.237 0.0356347 
-338.898 0.0358725 
-335.559 0.0361128 
-332.22 0.0363555 
-328.881 0.0366007 
-325.543 0.0368484 
-322.204 0.0370986 
-318.865 0.0373515 
-315.526 0.037607 
-312.187 0.0378652 
-308.848 0.038126 
-305.509 0.0383896 
-302.17 0.038656 
-298.831 0.0389252 
-295.492 0.0391973 
-292.154 0.0394723 
-288.815 0.0397502 
-285.476 0.0400311 
-282.137 0.0403151 
-278.798 0.0406021 
-275.459 0.0408923 
-272.12 0.0411856 
-268.781 0.0414822 
-265.442 0.041782 
-262.104 0.0420851 
-258.765 0.0423916 
-255.426 0.0427015 
-252.087 0.0430149 
-248.748 0.0433318 
-245.409 0.0436523 
-242.07 0.0439764 
-238.731 0.0443042 
-235.392 0.0446357 
-232.053 0.0449711 
-228.715 0.0453103 
-225.376 0.0456534 
-222.037 0.0460005 
-218.698 0.0463517 
-215.359 0.046707 
-212.02 0.0470664 
-208.681 0.0474301 
-205.342 0.0477981 
-202.003 0.0481705 
-198.664 0.0485473 
-195.326 0.0489287 
-191.987 0.0493147 
-188.648 0.0497054 
-185.309 0.0501008 
-181.97 0.050501 
-178.631 0.0509062 
-175.292 0.0513164 
-171.953 0.0517316 
-168.614 0.0521521 
-165.275 0.0525777 
-161.937 0.0530088 
-158.598 0.0534453 
-155.259 0.0538873 
-151.92 0.0543349 
-148.581 0.0547883 
-145.242 0.0552475 
-141.903 0.0557126 
-138.564 0.0561838 
-135.225 0.0566612 
-131.886 0.0571448 
-128.548 0.0576347 
-125.209 0.0581312 
-121.87 0.0586342 
-118.531 0.059144 
-115.192 0.0596606 
-111.853 0.0601842 
-108.514 0.060715 
-105.175 0.0612529 
-101.836 0.0617982 
-98.4975 0.0623511 
-95.1586 0.0629116 
-91.8197 0.0634799 
-88.4808 0.0640561 
-85.1419 0.0646405 
-81.803 0.0652331 
-78.4641 0.0658342 
-75.1252 0.0664438 
-71.7863 0.0670622 
-68.4474 0.0676895 
-65.1085 0.068326 
-61.7696 0.0689717 
-58.4307 0.069627 
-55.0918 0.0702919 
-51.7529 0.0709667 
-48.414 0.0716515 
-45.0751 0.0723467 
-41.7362 0.0730523 
-38.3973 0.0737687 
-35.0584 0.074496 
-31.7195 0.0752345 
-28.3806 0.0759844 
-25.0417 0.0767459 
-21.7028 0.0775194 
-18.3639 0.078305 
-15.025 0.0791031 
-11.6861 0.0799139 
-8.34725 0.0807376 
-5.00835 0.0815747 
-1.66945 0.0824253 
1.66945 0.0832898 
5.00835 0.0841685 
8.34725 0.0850617 
11.6861 0.0859698 
15.025 0.0868931 
18.3639 0.0878319 
21.7028 0.0887867 
25.0417 0.0897577 
28.3806 0.0907454 
31.7195 0.0917503 
35.0584 0.0927726 
38.3973 0.0938128 
41.7362 0.0948714 
45.0751 0.0959487 
48.414 0.0970454 
51.7529 0.0981618 
55.0918 0.0992985 
58.4307 0.100456 
61.7696 0.101635 
65.1085 0.102835 
68.4474 0.104058 
71.7863 0.105304 
75.1252 0.106574 
78.4641 0.107868 
81.803 0.109186 
85.1419 0.11053 
88.4808 0.111901 
91.8197 0.113298 
95.1586 0.114723 
98.4975 0.116177 
101.836 0.11766 
105.175 0.119173 
108.514 0.120716 
111.853 0.122292 
115.192 0.1239 
118.531 0.125542 
121.87 0.127219 
125.209 0.128931 
128.548 0.13068 
131.886 0.132467 
135.225 0.134293 
138.564 0.136159 
141.903 0.138066 
145.242 0.140017 
148.581 0.142011 
151.92 0.14405 
155.259 0.146136 
158.598 0.148271 
161.937 0.150455 
165.275 0.152691 
168.614 0.15498 
171.953 0.157324 
175.292 0.159725 
178.631 0.162184 
181.97 0.164703 
185.309 0.167285 
188.648 0.169932 
191.987 0.172645 
195.326 0.175427 
198.664 0.178281 
202.003 0.181208 
205.342 0.184212 
208.681 0.187294 
212.02 0.190458 
215.359 0.193706 
218.698 0.197042 
222.037 0.200468 
225.376 0.203986 
228.715 0.207601 
232.053 0.211315 
235.392 0.215132 
238.731 0.219054 
242.07 0.223085 
245.409 0.227228 
248.748 0.231487 
252.087 0.235864 
255.426 0.240362 
258.765 0.244985 
262.104 0.249735 
265.442 0.254613 
268.781 0.259623 
272.12 0.264765 
275.459 0.270041 
278.798 0.27545 
282.137 0.280991 
285.476 0.286664 
288.815 0.292465 
292.154 0.298389 
295.492 0.30443 
298.831 0.31058 
302.17 0.316831 
305.509 0.323168 
308.848 0.329579 
312.187 0.336045 
315.526 0.342548 
318.865 0.349066 
322.204 0.355575 
325.543 0.36205 
328.881 0.368465 
332.22 0.37479 
335.559 0.381 
338.898 0.387067 
342.237 0.392967 
345.576 0.398674 
348.915 0.40417 
352.254 0.409436 
355.593 0.414458 
358.932 0.419225 
362.27 0.423731 
365.609 0.427972 
368.948 0.431946 
372.287 0.435655 
375.626 0.439103 
378.965 0.442297 
382.304 0.445243 
385.643 0.44795 
388.982 0.450428 
392.321 0.452687 
395.659 0.454736 
398.998 0.456585 
402.337 0.458246 
405.676 0.459727 
409.015 0.46104 
412.354 0.462192 
415.693 0.463194 
419.032 0.464053 
422.371 0.464779 
425.71 0.465378 
429.048 0.465858 
432.387 0.466226 
435.726 0.466488 
439.065 0.466651 
442.404 0.46672 
445.743 0.4667 
449.082 0.466597 
452.421 0.466415 
455.76 0.466159 
459.099 0.465832 
462.437 0.465439 
465.776 0.464983 
469.115 0.464468 
472.454 0.463896 
475.793 0.463271 
479.132 0.462595 
482.471 0.461871 
485.81 0.461102 
489.149 0.460289 
492.487 0.459435 
495.826 0.458542 
499.165 0.457612 
502.504 0.456646 
505.843 0.455646 
509.182 0.454614 
512.521 0.453551 
515.86 0.452459 
519.199 0.451338 
522.538 0.450191 
525.876 0.449018 
529.215 0.447821 
532.554 0.4466 
535.893 0.445356 
539.232 0.444091 
542.571 0.442805 
545.91 0.441499 
549.249 0.440174 
552.588 0.43883 
555.927 0.437469 
559.265 0.436091 
562.604 0.434697 
565.943 0.433287 
569.282 0.431861 
572.621 0.430421 
575.96 0.428967 
579.299 0.4275 
582.638 0.426019 
585.977 0.424525 
589.316 0.423019 
592.654 0.421502 
595.993 0.419973 
599.332 0.418433 
602.671 0.416882 
606.01 0.41532 
609.349 0.413749 
612.688 0.412168 
616.027 0.410577 
619.366 0.408978 
622.705 0.407369 
626.043 0.405752 
629.382 0.404126 
632.721 0.402492 
636.06 0.400851 
639.399 0.399201 
642.738 0.397545 
646.077 0.39588 
649.416 0.394209 
652.755 0.392531 
656.094 0.390846 
659.432 0.389155 
662.771 0.387458 
666.11 0.385754 
669.449 0.384044 
672.788 0.382329 
676.127 0.380607 
679.466 0.378881 
682.805 0.377148 
686.144 0.375411 
689.482 0.373668 
692.821 0.371921 
696.16 0.370168 
699.499 0.368411 
702.838 0.366649 
706.177 0.364883 
709.516 0.363112 
712.855 0.361338 
716.194 0.359559 
719.533 0.357775 
722.871 0.355989 
726.21 0.354198 
729.549 0.352403 
732.888 0.350605 
736.227 0.348804 
739.566 0.346999 
742.905 0.345191 
746.244 0.34338 
749.583 0.341565 
752.922 0.339748 
756.26 0.337928 
759.599 0.336105 
762.938 0.334279 
766.277 0.332451 
769.616 0.330621 
772.955 0.328788 
776.294 0.326953 
779.633 0.325116 
782.972 0.323276 
786.311 0.321435 
789.649 0.319592 
792.988 0.317747 
796.327 0.315901 
799.666 0.314053 
803.005 0.312203 
806.344 0.310353 
809.683 0.308501 
813.022 0.306648 
816.361 0.304794 
819.7 0.302939 
823.038 0.301084 
826.377 0.299228 
829.716 0.297371 
833.055 0.295514 
836.394 0.293656 
839.733 0.291799 
843.072 0.289941 
846.411 0.288084 
849.75 0.286226 
853.089 0.284369 
856.427 0.282513 
859.766 0.280657 
863.105 0.278801 
866.444 0.276947 
869.783 0.275093 
873.122 0.273241 
876.461 0.271389 
879.8 0.26954 
883.139 0.267691 
886.477 0.265844 
889.816 0.263999 
893.155 0.262156 
896.494 0.260315 
899.833 0.258477 
903.172 0.25664 
906.511 0.254806 
909.85 0.252975 
913.189 0.251147 
916.528 0.249321 
919.866 0.247499 
923.205 0.24568 
926.544 0.243864 
929.883 0.242052 
933.222 0.240243 
936.561 0.238439 
939.9 0.236638 
943.239 0.234842 
946.578 0.23305 
949.917 0.231262 
953.255 0.229479 
956.594 0.227701 
959.933 0.225928 
963.272 0.22416 
966.611 0.222398 
969.95 0.22064 
973.289 0.218889 
976.628 0.217143 
979.967 0.215403 
983.305 0.21367 
986.644 0.211942 
989.983 0.210221 
993.322 0.208507 
996.661 0.206799 
1000 0.205098 
