-1000 0.0119028 
-996.661 0.0119503 
-993.322 0.0119981 
-989.983 0.0120462 
-986.644 0.0120946 
-983.305 0.0121433 
-979.967 0.0121922 
-976.628 0.0122415 
-973.289 0.0122911 
-969.95 0.0123409 
-966.611 0.0123911 
-963.272 0.0124416 
-959.933 0.0124924 
-956.594 0.0125435 
-953.255 0.0125949 
-949.917 0.0126467 
-946.578 0.0126987 
-943.239 0.0127511 
-939.9 0.0128038 
-936.561 0.0128568 
-933.222 0.0129102 
-929.883 0.0129639 
-926.544 0.0130179 
-923.205 0.0130723 
-919.866 0.013127 
-916.528 0.013182 
-913.189 0.0132374 
-909.85 0.0132932 
-906.511 0.0133493 
-903.172 0.0134057 
-899.833 0.0134626 
-896.494 0.0135198 
-893.155 0.0135773 
-889.816 0.0136352 
-886.477 0.0136935 
-883.139 0.0137522 
-879.8 0.0138112 
-876.461 0.0138706 
-873.122 0.0139304 
-869.783 0.0139906 
-866.444 0.0140512 
-863.105 0.0141122 
-859.766 0.0141736 
-856.427 0.0142353 
-853.089 0.0142975 
-849.75 0.0143601 
-846.411 0.0144231 
-843.072 0.0144866 
-839.733 0.0145504 
-836.394 0.0146147 
-833.055 0.0146794 
-829.716 0.0147445 
-826.377 0.01481 
-823.038 0.014876 
-819.7 0.0149425 
-816.361 0.0150094 
-813.022 0.0150767 
-809.683 0.0151445 
-806.344 0.0152128 
-803.005 0.0152815 
-799.666 0.0153507 
-796.327 0.0154203 
-792.988 0.0154904 
-789.649 0.0155611 
-786.311 0.0156322 
-782.972 0.0157037 
-779.633 0.0157758 
-776.294 0.0158484 
-772.955 0.0159215 
-769.616 0.0159951 
-766.277 0.0160692 
-762.938 0.0161438 
-759.599 0.0162189 
-756.26 0.0162946 
-752.922 0.0163708 
-749.583 0.0164475 
-746.244 0.0165248 
-742.905 0.0166026 
-739.566 0.016681 
-736.227 0.0167599 
-732.888 0.0168394 
-729.549 0.0169195 
-726.21 0.0170001 
-722.871 0.0170814 
-719.533 0.0171632 
-716.194 0.0172455 
-712.855 0.0173285 
-709.516 0.0174121 
-706.177 0.0174963 
-702.838 0.0175811 
-699.499 0.0176666 
-696.16 0.0177526 
-692.821 0.0178393 
-689.482 0.0179267 
-686.144 0.0180146 
-682.805 0.0181033 
-679.466 0.0181926 
-676.127 0.0182825 
-672.788 0.0183731 
-669.449 0.0184644 
-666.11 0.0185564 
-662.771 0.0186491 
-659.432 0.0187424 
-656.094 0.0188365 
-652.755 0.0189313 
-649.416 0.0190268 
-646.077 0.0191231 
-642.738 0.01922 
-639.399 0.0193177 
-636.06 0.0194162 
-632.721 0.0195154 
-629.382 0.0196154 
-626.043 0.0197162 
-622.705 0.0198177 
-619.366 0.01992 
-616.027 0.0200232 
-612.688 0.0201271 
-609.349 0.0202319 
-606.01 0.0203374 
-602.671 0.0204438 
-599.332 0.0205511 
-595.993 0.0206592 
-592.654 0.0207681 
-589.316 0.0208779 
-585.977 0.0209886 
-582.638 0.0211002 
-579.299 0.0212127 
-575.96 0.0213261 
-572.621 0.0214404 
-569.282 0.0215556 
-565.943 0.0216718 
-562.604 0.0217889 
-559.265 0.021907 
-555.927 0.022026 
-552.588 0.022146 
-549.249 0.022267 
-545.91 0.022389 
-542.571 0.022512 
-539.232 0.0226361 
-535.893 0.0227611 
-532.554 0.0228872 
-529.215 0.0230144 
-525.876 0.0231427 
-522.538 0.023272 
-519.199 0.0234024 
-515.86 0.0235339 
-512.521 0.0236665 
-509.182 0.0238003 
-505.843 0.0239352 
-502.504 0.0240713 
-499.165 0.0242085 
-495.826 0.0243469 
-492.487 0.0244866 
-489.149 0.0246274 
-485.81 0.0247694 
-482.471 0.0249127 
-479.132 0.0250573 
-475.793 0.0252031 
-472.454 0.0253502 
-469.115 0.0254986 
-465.776 0.0256484 
-462.437 0.0257994 
-459.099 0.0259518 
-455.76 0.0261056 
-452.421 0.0262607 
-449.082 0.0264173 
-445.743 0.0265752 
-442.404 0.0267346 
-439.065 0.0268955 
-435.726 0.0270578 
-432.387 0.0272216 
-429.048 0.0273869 
-425.71 0.0275537 
-422.371 0.027722 
-419.032 0.027892 
-415.693 0.0280635 
-412.354 0.0282366 
-409.015 0.0284113 
-405.676 0.0285876 
-402.337 0.0287656 
-398.998 0.0289453 
-395.659 0.0291267 
-392.321 0.0293099 
-388.982 0.0294947 
-385.643 0.0296814 
-382.304 0.0298698 
-378.965 0.0300601 
-375.626 0.0302522 
-372.287 0.0304461 
-368.948 0.030642 
-365.609 0.0308397 
-362.27 0.0310394 
-358.932 0.0312411 
-355.593 0.0314448 
-352.254 0.0316504 
-348.915 0.0318582 
-345.576 0.0320679 
-342.237 0.0322798 
-338.898 0.0324938 
-335.559 0.03271 
-332.22 0.0329284 
-328.881 0.033149 
-325.543 0.0333718 
-322.204 0.0335969 
-318.865 0.0338243 
-315.526 0.0340541 
-312.187 0.0342862 
-308.848 0.0345207 
-305.509 0.0347577 
-302.17 0.0349972 
-298.831 0.0352391 
-295.492 0.0354837 
-292.154 0.0357308 
-288.815 0.0359805 
-285.476 0.0362329 
-282.137 0.0364879 
-278.798 0.0367457 
-275.459 0.0370063 
-272.12 0.0372697 
-268.781 0.037536 
-265.442 0.0378052 
-262.104 0.0380773 
-258.765 0.0383524 
-255.426 0.0386305 
-252.087 0.0389117 
-248.748 0.039196 
-245.409 0.0394835 
-242.07 0.0397743 
-238.731 0.0400682 
-235.392 0.0403655 
-232.053 0.0406662 
-228.715 0.0409703 
-225.376 0.0412779 
-222.037 0.0415889 
-218.698 0.0419036 
-215.359 0.0422219 
-212.02 0.0425439 
-208.681 0.0428697 
-205.342 0.0431993 
-202.003 0.0435327 
-198.664 0.0438701 
-195.326 0.0442115 
-191.987 0.0445569 
-188.648 0.0449065 
-185.309 0.0452603 
-181.97 0.0456184 
-178.631 0.0459808 
-175.292 0.0463475 
-171.953 0.0467188 
-168.614 0.0470947 
-165.275 0.0474751 
-161.937 0.0478603 
-158.598 0.0482503 
-155.259 0.0486451 
-151.92 0.0490449 
-148.581 0.0494498 
-145.242 0.0498597 
-141.903 0.0502749 
-138.564 0.0506954 
-135.225 0.0511213 
-131.886 0.0515527 
-128.548 0.0519896 
-125.209 0.0524323 
-121.87 0.0528808 
-118.531 0.0533351 
-115.192 0.0537955 
-111.853 0.054262 
-108.514 0.0547346 
-105.175 0.0552137 
-101.836 0.0556991 
-98.4975 0.0561912 
-95.1586 0.0566899 
-91.8197 0.0571955 
-88.4808 0.057708 
-85.1419 0.0582276 
-81.803 0.0587544 
-78.4641 0.0592885 
-75.1252 0.0598301 
-71.7863 0.0603794 
-68.4474 0.0609364 
-65.1085 0.0615014 
-61.7696 0.0620745 
-58.4307 0.0626558 
-55.0918 0.0632455 
-51.7529 0.0638438 
-48.414 0.0644508 
-45.0751 0.0650668 
-41.7362 0.0656918 
-38.3973 0.0663262 
-35.0584 0.06697 
-31.7195 0.0676235 
-28.3806 0.0682869 
-25.0417 0.0689604 
-21.7028 0.0696441 
-18.3639 0.0703384 
-15.025 0.0710434 
-11.6861 0.0717593 
-8.34725 0.0724864 
-5.00835 0.073225 
-1.66945 0.0739753 
1.66945 0.0747375 
5.00835 0.0755119 
8.34725 0.0762987 
11.6861 0.0770983 
15.025 0.077911 
18.3639 0.0787369 
21.7028 0.0795765 
25.0417 0.08043 
28.3806 0.0812978 
31.7195 0.0821802 
35.0584 0.0830775 
38.3973 0.08399 
41.7362 0.0849182 
45.0751 0.0858624 
48.414 0.086823 
51.7529 0.0878003 
55.0918 0.0887949 
58.4307 0.089807 
61.7696 0.0908372 
65.1085 0.0918858 
68.4474 0.0929534 
71.7863 0.0940404 
75.1252 0.0951473 
78.4641 0.0962745 
81.803 0.0974227 
85.1419 0.0985924 
88.4808 0.099784 
91.8197 0.100998 
95.1586 0.102236 
98.4975 0.103497 
101.836 0.104782 
105.175 0.106093 
108.514 0.10743 
111.853 0.108792 
115.192 0.110183 
118.531 0.111601 
121.87 0.113047 
125.209 0.114523 
128.548 0.11603 
131.886 0.117567 
135.225 0.119137 
138.564 0.12074 
141.903 0.122376 
145.242 0.124048 
148.581 0.125756 
151.92 0.1275 
155.259 0.129283 
158.598 0.131105 
161.937 0.132967 
165.275 0.134871 
168.614 0.136818 
171.953 0.138809 
175.292 0.140845 
178.631 0.142929 
181.97 0.145061 
185.309 0.147243 
188.648 0.149477 
191.987 0.151763 
195.326 0.154105 
198.664 0.156503 
202.003 0.158959 
205.342 0.161476 
208.681 0.164055 
212.02 0.166698 
215.359 0.169407 
218.698 0.172184 
222.037 0.175032 
225.376 0.177952 
228.715 0.180947 
232.053 0.18402 
235.392 0.187172 
238.731 0.190406 
242.07 0.193724 
245.409 0.19713 
248.748 0.200624 
252.087 0.204211 
255.426 0.207892 
258.765 0.21167 
262.104 0.215548 
265.442 0.219526 
268.781 0.223609 
272.12 0.227796 
275.459 0.232092 
278.798 0.236496 
282.137 0.241009 
285.476 0.245634 
288.815 0.250369 
292.154 0.255215 
295.492 0.26017 
298.831 0.265233 
302.17 0.270401 
305.509 0.275669 
308.848 0.281034 
312.187 0.286488 
315.526 0.292024 
318.865 0.297633 
322.204 0.303304 
325.543 0.309024 
328.881 0.314779 
332.22 0.320554 
335.559 0.326331 
338.898 0.332093 
342.237 0.337819 
345.576 0.343489 
348.915 0.349083 
352.254 0.35458 
355.593 0.359961 
358.932 0.365206 
362.27 0.370299 
365.609 0.375223 
368.948 0.379964 
372.287 0.384512 
375.626 0.388857 
378.965 0.392992 
382.304 0.396912 
385.643 0.400615 
388.982 0.4041 
392.321 0.40737 
395.659 0.410425 
398.998 0.413271 
402.337 0.415913 
405.676 0.418356 
409.015 0.420608 
412.354 0.422674 
415.693 0.424562 
419.032 0.426281 
422.371 0.427836 
425.71 0.429236 
429.048 0.430488 
432.387 0.431599 
435.726 0.432576 
439.065 0.433426 
442.404 0.434154 
445.743 0.434769 
449.082 0.435274 
452.421 0.435676 
455.76 0.435981 
459.099 0.436192 
462.437 0.436316 
465.776 0.436356 
469.115 0.436316 
472.454 0.436202 
475.793 0.436016 
479.132 0.435762 
482.471 0.435443 
485.81 0.435064 
489.149 0.434625 
492.487 0.434132 
495.826 0.433585 
499.165 0.432989 
502.504 0.432344 
505.843 0.431654 
509.182 0.430919 
512.521 0.430144 
515.86 0.429328 
519.199 0.428475 
522.538 0.427585 
525.876 0.42666 
529.215 0.425703 
532.554 0.424713 
535.893 0.423693 
539.232 0.422643 
542.571 0.421566 
545.91 0.420462 
549.249 0.419332 
552.588 0.418177 
555.927 0.416998 
559.265 0.415796 
562.604 0.414572 
565.943 0.413327 
569.282 0.412062 
572.621 0.410777 
575.96 0.409472 
579.299 0.40815 
582.638 0.40681 
585.977 0.405453 
589.316 0.404079 
592.654 0.40269 
595.993 0.401285 
599.332 0.399866 
602.671 0.398432 
606.01 0.396984 
609.349 0.395523 
612.688 0.394048 
616.027 0.392561 
619.366 0.391062 
622.705 0.389551 
626.043 0.388029 
629.382 0.386495 
632.721 0.384951 
636.06 0.383396 
639.399 0.381831 
642.738 0.380256 
646.077 0.378672 
649.416 0.377078 
652.755 0.375475 
656.094 0.373864 
659.432 0.372243 
662.771 0.370615 
666.11 0.368978 
669.449 0.367334 
672.788 0.365682 
676.127 0.364022 
679.466 0.362356 
682.805 0.360682 
686.144 0.359001 
689.482 0.357314 
692.821 0.35562 
696.16 0.35392 
699.499 0.352214 
702.838 0.350501 
706.177 0.348783 
709.516 0.34706 
712.855 0.345331 
716.194 0.343596 
719.533 0.341857 
722.871 0.340112 
726.21 0.338363 
729.549 0.336608 
732.888 0.33485 
736.227 0.333086 
739.566 0.331319 
742.905 0.329547 
746.244 0.327772 
749.583 0.325992 
752.922 0.324209 
756.26 0.322422 
759.599 0.320631 
762.938 0.318837 
766.277 0.31704 
769.616 0.31524 
772.955 0.313437 
776.294 0.311631 
779.633 0.309822 
782.972 0.308011 
786.311 0.306197 
789.649 0.304381 
792.988 0.302563 
796.327 0.300743 
799.666 0.298921 
803.005 0.297097 
806.344 0.295272 
809.683 0.293444 
813.022 0.291616 
816.361 0.289786 
819.7 0.287956 
823.038 0.286124 
826.377 0.284291 
829.716 0.282458 
833.055 0.280624 
836.394 0.27879 
839.733 0.276955 
843.072 0.275121 
846.411 0.273286 
849.75 0.271452 
853.089 0.269617 
856.427 0.267784 
859.766 0.265951 
863.105 0.264119 
866.444 0.262287 
869.783 0.260457 
873.122 0.258628 
876.461 0.2568 
879.8 0.254974 
883.139 0.25315 
886.477 0.251327 
889.816 0.249507 
893.155 0.247689 
896.494 0.245873 
899.833 0.24406 
903.172 0.242249 
906.511 0.240441 
909.85 0.238636 
913.189 0.236835 
916.528 0.235037 
919.866 0.233242 
923.205 0.231451 
926.544 0.229664 
929.883 0.227881 
933.222 0.226102 
936.561 0.224328 
939.9 0.222558 
943.239 0.220793 
946.578 0.219033 
949.917 0.217278 
953.255 0.215528 
956.594 0.213784 
959.933 0.212045 
963.272 0.210312 
966.611 0.208585 
969.95 0.206864 
973.289 0.20515 
976.628 0.203441 
979.967 0.20174 
983.305 0.200045 
986.644 0.198358 
989.983 0.196677 
993.322 0.195004 
996.661 0.193338 
1000 0.191679 
