-1000 1.28704E-05 
-996.661 1.29482E-05 
-993.322 1.30266E-05 
-989.983 1.31057E-05 
-986.644 1.31856E-05 
-983.305 1.32662E-05 
-979.967 1.33475E-05 
-976.628 1.34296E-05 
-973.289 1.35124E-05 
-969.95 1.35961E-05 
-966.611 1.36804E-05 
-963.272 1.37656E-05 
-959.933 1.38516E-05 
-956.594 1.39384E-05 
-953.255 1.4026E-05 
-949.917 1.41144E-05 
-946.578 1.42037E-05 
-943.239 1.42938E-05 
-939.9 1.43848E-05 
-936.561 1.44767E-05 
-933.222 1.45694E-05 
-929.883 1.46631E-05 
-926.544 1.47576E-05 
-923.205 1.48531E-05 
-919.866 1.49495E-05 
-916.528 1.50468E-05 
-913.189 1.51451E-05 
-909.85 1.52443E-05 
-906.511 1.53446E-05 
-903.172 1.54458E-05 
-899.833 1.5548E-05 
-896.494 1.56513E-05 
-893.155 1.57555E-05 
-889.816 1.58609E-05 
-886.477 1.59673E-05 
-883.139 1.60747E-05 
-879.8 1.61833E-05 
-876.461 1.62929E-05 
-873.122 1.64037E-05 
-869.783 1.65156E-05 
-866.444 1.66287E-05 
-863.105 1.67429E-05 
-859.766 1.68583E-05 
-856.427 1.69749E-05 
-853.089 1.70927E-05 
-849.75 1.72117E-05 
-846.411 1.7332E-05 
-843.072 1.74536E-05 
-839.733 1.75764E-05 
-836.394 1.77006E-05 
-833.055 1.7826E-05 
-829.716 1.79528E-05 
-826.377 1.8081E-05 
-823.038 1.82106E-05 
-819.7 1.83415E-05 
-816.361 1.84738E-05 
-813.022 1.86076E-05 
-809.683 1.87429E-05 
-806.344 1.88796E-05 
-803.005 1.90179E-05 
-799.666 1.91576E-05 
-796.327 1.92989E-05 
-792.988 1.94418E-05 
-789.649 1.95863E-05 
-786.311 1.97324E-05 
-782.972 1.98801E-05 
-779.633 2.00295E-05 
-776.294 2.01806E-05 
-772.955 2.03334E-05 
-769.616 2.04879E-05 
-766.277 2.06443E-05 
-762.938 2.08024E-05 
-759.599 2.09623E-05 
-756.26 2.11241E-05 
-752.922 2.12878E-05 
-749.583 2.14533E-05 
-746.244 2.16209E-05 
-742.905 2.17904E-05 
-739.566 2.19618E-05 
-736.227 2.21354E-05 
-732.888 2.2311E-05 
-729.549 2.24886E-05 
-726.21 2.26685E-05 
-722.871 2.28505E-05 
-719.533 2.30346E-05 
-716.194 2.32211E-05 
-712.855 2.34098E-05 
-709.516 2.36008E-05 
-706.177 2.37941E-05 
-702.838 2.39899E-05 
-699.499 2.4188E-05 
-696.16 2.43887E-05 
-692.821 2.45918E-05 
-689.482 2.47975E-05 
-686.144 2.50058E-05 
-682.805 2.52167E-05 
-679.466 2.54303E-05 
-676.127 2.56466E-05 
-672.788 2.58657E-05 
-669.449 2.60876E-05 
-666.11 2.63124E-05 
-662.771 2.65401E-05 
-659.432 2.67708E-05 
-656.094 2.70045E-05 
-652.755 2.72413E-05 
-649.416 2.74812E-05 
-646.077 2.77242E-05 
-642.738 2.79706E-05 
-639.399 2.82202E-05 
-636.06 2.84732E-05 
-632.721 2.87296E-05 
-629.382 2.89894E-05 
-626.043 2.92529E-05 
-622.705 2.95199E-05 
-619.366 2.97906E-05 
-616.027 3.0065E-05 
-612.688 3.03433E-05 
-609.349 3.06254E-05 
-606.01 3.09115E-05 
-602.671 3.12016E-05 
-599.332 3.14958E-05 
-595.993 3.17942E-05 
-592.654 3.20969E-05 
-589.316 3.24039E-05 
-585.977 3.27154E-05 
-582.638 3.30313E-05 
-579.299 3.33519E-05 
-575.96 3.36771E-05 
-572.621 3.40071E-05 
-569.282 3.4342E-05 
-565.943 3.46819E-05 
-562.604 3.50268E-05 
-559.265 3.53769E-05 
-555.927 3.57323E-05 
-552.588 3.60931E-05 
-549.249 3.64593E-05 
-545.91 3.68312E-05 
-542.571 3.72088E-05 
-539.232 3.75922E-05 
-535.893 3.79816E-05 
-532.554 3.83771E-05 
-529.215 3.87787E-05 
-525.876 3.91868E-05 
-522.538 3.96013E-05 
-519.199 4.00224E-05 
-515.86 4.04502E-05 
-512.521 4.0885E-05 
-509.182 4.13268E-05 
-505.843 4.17758E-05 
-502.504 4.22321E-05 
-499.165 4.2696E-05 
-495.826 4.31676E-05 
-492.487 4.3647E-05 
-489.149 4.41344E-05 
-485.81 4.46301E-05 
-482.471 4.51342E-05 
-479.132 4.56468E-05 
-475.793 4.61683E-05 
-472.454 4.66987E-05 
-469.115 4.72383E-05 
-465.776 4.77874E-05 
-462.437 4.8346E-05 
-459.099 4.89145E-05 
-455.76 4.94931E-05 
-452.421 5.0082E-05 
-449.082 5.06816E-05 
-445.743 5.12919E-05 
-442.404 5.19133E-05 
-439.065 5.25461E-05 
-435.726 5.31905E-05 
-432.387 5.38469E-05 
-429.048 5.45155E-05 
-425.71 5.51966E-05 
-422.371 5.58905E-05 
-419.032 5.65977E-05 
-415.693 5.73183E-05 
-412.354 5.80528E-05 
-409.015 5.88015E-05 
-405.676 5.95647E-05 
-402.337 6.0343E-05 
-398.998 6.11366E-05 
-395.659 6.19459E-05 
-392.321 6.27714E-05 
-388.982 6.36135E-05 
-385.643 6.44727E-05 
-382.304 6.53494E-05 
-378.965 6.62442E-05 
-375.626 6.71574E-05 
-372.287 6.80896E-05 
-368.948 6.90414E-05 
-365.609 7.00133E-05 
-362.27 7.10058E-05 
-358.932 7.20196E-05 
-355.593 7.30553E-05 
-352.254 7.41134E-05 
-348.915 7.51947E-05 
-345.576 7.62999E-05 
-342.237 7.74296E-05 
-338.898 7.85845E-05 
-335.559 7.97655E-05 
-332.22 8.09734E-05 
-328.881 8.22088E-05 
-325.543 8.34728E-05 
-322.204 8.47661E-05 
-318.865 8.60897E-05 
-315.526 8.74445E-05 
-312.187 8.88316E-05 
-308.848 9.02519E-05 
-305.509 9.17066E-05 
-302.17 9.31967E-05 
-298.831 9.47235E-05 
-295.492 9.6288E-05 
-292.154 9.78916E-05 
-288.815 9.95356E-05 
-285.476 0.000101221 
-282.137 0.00010295 
-278.798 0.000104724 
-275.459 0.000106544 
-272.12 0.000108411 
-268.781 0.000110329 
-265.442 0.000112297 
-262.104 0.000114319 
-258.765 0.000116396 
-255.426 0.000118529 
-252.087 0.000120722 
-248.748 0.000122977 
-245.409 0.000125295 
-242.07 0.000127679 
-238.731 0.000130132 
-235.392 0.000132656 
-232.053 0.000135255 
-228.715 0.00013793 
-225.376 0.000140686 
-222.037 0.000143525 
-218.698 0.000146451 
-215.359 0.000149467 
-212.02 0.000152577 
-208.681 0.000155785 
-205.342 0.000159096 
-202.003 0.000162513 
-198.664 0.000166041 
-195.326 0.000169686 
-191.987 0.000173452 
-188.648 0.000177344 
-185.309 0.000181369 
-181.97 0.000185532 
-178.631 0.00018984 
-175.292 0.0001943 
-171.953 0.000198919 
-168.614 0.000203704 
-165.275 0.000208664 
-161.937 0.000213808 
-158.598 0.000219143 
-155.259 0.000224681 
-151.92 0.000230431 
-148.581 0.000236405 
-145.242 0.000242614 
-141.903 0.00024907 
-138.564 0.000255787 
-135.225 0.00026278 
-131.886 0.000270063 
-128.548 0.000277652 
-125.209 0.000285566 
-121.87 0.000293822 
-118.531 0.000302442 
-115.192 0.000311446 
-111.853 0.000320857 
-108.514 0.000330701 
-105.175 0.000341005 
-101.836 0.000351797 
-98.4975 0.000363109 
-95.1586 0.000374974 
-91.8197 0.00038743 
-88.4808 0.000400516 
-85.1419 0.000414275 
-81.803 0.000428755 
-78.4641 0.000444005 
-75.1252 0.000460083 
-71.7863 0.000477048 
-68.4474 0.000494967 
-65.1085 0.000513913 
-61.7696 0.000533965 
-58.4307 0.000555212 
-55.0918 0.000577749 
-51.7529 0.000601684 
-48.414 0.000627133 
-45.0751 0.000654227 
-41.7362 0.000683111 
-38.3973 0.000713945 
-35.0584 0.000746908 
-31.7195 0.0007822 
-28.3806 0.000820045 
-25.0417 0.000860695 
-21.7028 0.000904432 
-18.3639 0.000951575 
-15.025 0.00100249 
-11.6861 0.00105758 
-8.34725 0.00111732 
-5.00835 0.00118224 
-1.66945 0.00125295 
1.66945 0.00133017 
5.00835 0.00141471 
8.34725 0.00150752 
11.6861 0.0016097 
15.025 0.00172255 
18.3639 0.0018476 
21.7028 0.00198666 
25.0417 0.00214187 
28.3806 0.00231582 
31.7195 0.0025116 
35.0584 0.00273298 
38.3973 0.00298455 
41.7362 0.00327199 
45.0751 0.00360231 
48.414 0.00398431 
51.7529 0.00442911 
55.0918 0.00495089 
58.4307 0.00556792 
61.7696 0.00630402 
65.1085 0.00719055 
68.4474 0.00826925 
71.7863 0.00959626 
75.1252 0.0112477 
78.4641 0.0133268 
81.803 0.0159736 
85.1419 0.019372 
88.4808 0.023749 
91.8197 0.0293372 
95.1586 0.0362509 
98.4975 0.0442118 
101.836 0.052203 
105.175 0.0584825 
108.514 0.0613399 
111.853 0.0600537 
115.192 0.0551767 
118.531 0.0481117 
121.87 0.0404152 
125.209 0.0332316 
128.548 0.0271107 
131.886 0.0221508 
135.225 0.0182248 
138.564 0.0151392 
141.903 0.0127087 
145.242 0.0107805 
148.581 0.00923638 
151.92 0.00798698 
155.259 0.00696551 
158.598 0.00612195 
161.937 0.00541865 
165.275 0.00482705 
168.614 0.00432527 
171.953 0.0038964 
175.292 0.00352723 
178.631 0.00320736 
181.97 0.00292852 
185.309 0.00268408 
188.648 0.00246867 
191.987 0.00227792 
195.326 0.00210825 
198.664 0.00195668 
202.003 0.00182076 
205.342 0.00169842 
208.681 0.00158792 
212.02 0.00148779 
215.359 0.00139679 
218.698 0.00131384 
222.037 0.00123802 
225.376 0.00116855 
228.715 0.00110474 
232.053 0.00104599 
235.392 0.000991786 
238.731 0.000941672 
242.07 0.000895247 
245.409 0.00085216 
248.748 0.0008121 
252.087 0.00077479 
255.426 0.000739984 
258.765 0.000707466 
262.104 0.000677038 
265.442 0.000648527 
268.781 0.000621774 
272.12 0.000596639 
275.459 0.000572994 
278.798 0.000550724 
282.137 0.000529724 
285.476 0.000509901 
288.815 0.000491167 
292.154 0.000473445 
295.492 0.000456663 
298.831 0.000440756 
302.17 0.000425664 
305.509 0.000411333 
308.848 0.000397712 
312.187 0.000384756 
315.526 0.000372422 
318.865 0.00036067 
322.204 0.000349465 
325.543 0.000338774 
328.881 0.000328565 
332.22 0.00031881 
335.559 0.000309482 
338.898 0.000300558 
342.237 0.000292013 
345.576 0.000283827 
348.915 0.00027598 
352.254 0.000268454 
355.593 0.000261231 
358.932 0.000254296 
362.27 0.000247632 
365.609 0.000241227 
368.948 0.000235067 
372.287 0.00022914 
375.626 0.000223433 
378.965 0.000217938 
382.304 0.000212642 
385.643 0.000207537 
388.982 0.000202613 
392.321 0.000197862 
395.659 0.000193276 
398.998 0.000188848 
402.337 0.00018457 
405.676 0.000180435 
409.015 0.000176438 
412.354 0.000172572 
415.693 0.000168832 
419.032 0.000165212 
422.371 0.000161707 
425.71 0.000158312 
429.048 0.000155023 
432.387 0.000151835 
435.726 0.000148745 
439.065 0.000145748 
442.404 0.00014284 
445.743 0.000140019 
449.082 0.00013728 
452.421 0.000134621 
455.76 0.000132038 
459.099 0.000129529 
462.437 0.000127091 
465.776 0.000124721 
469.115 0.000122416 
472.454 0.000120175 
475.793 0.000117995 
479.132 0.000115873 
482.471 0.000113808 
485.81 0.000111798 
489.149 0.00010984 
492.487 0.000107934 
495.826 0.000106077 
499.165 0.000104267 
502.504 0.000102503 
505.843 0.000100783 
509.182 9.91064E-05 
512.521 9.74712E-05 
515.86 9.5876E-05 
519.199 9.43197E-05 
522.538 9.2801E-05 
525.876 9.13186E-05 
529.215 8.98715E-05 
532.554 8.84584E-05 
535.893 8.70784E-05 
539.232 8.57305E-05 
542.571 8.44136E-05 
545.91 8.31267E-05 
549.249 8.18691E-05 
552.588 8.06397E-05 
555.927 7.94379E-05 
559.265 7.82627E-05 
562.604 7.71133E-05 
565.943 7.59891E-05 
569.282 7.48893E-05 
572.621 7.38132E-05 
575.96 7.276E-05 
579.299 7.17293E-05 
582.638 7.07203E-05 
585.977 6.97324E-05 
589.316 6.87651E-05 
592.654 6.78177E-05 
595.993 6.68898E-05 
599.332 6.59808E-05 
602.671 6.50902E-05 
606.01 6.42175E-05 
609.349 6.33622E-05 
612.688 6.25239E-05 
616.027 6.17021E-05 
619.366 6.08963E-05 
622.705 6.01063E-05 
626.043 5.93315E-05 
629.382 5.85716E-05 
632.721 5.78262E-05 
636.06 5.7095E-05 
639.399 5.63775E-05 
642.738 5.56734E-05 
646.077 5.49825E-05 
649.416 5.43043E-05 
652.755 5.36386E-05 
656.094 5.2985E-05 
659.432 5.23433E-05 
662.771 5.17132E-05 
666.11 5.10944E-05 
669.449 5.04867E-05 
672.788 4.98897E-05 
676.127 4.93032E-05 
679.466 4.8727E-05 
682.805 4.81609E-05 
686.144 4.76045E-05 
689.482 4.70577E-05 
692.821 4.65203E-05 
696.16 4.59921E-05 
699.499 4.54728E-05 
702.838 4.49622E-05 
706.177 4.44602E-05 
709.516 4.39665E-05 
712.855 4.3481E-05 
716.194 4.30035E-05 
719.533 4.25338E-05 
722.871 4.20718E-05 
726.21 4.16172E-05 
729.549 4.117E-05 
732.888 4.073E-05 
736.227 4.02969E-05 
739.566 3.98707E-05 
742.905 3.94513E-05 
746.244 3.90384E-05 
749.583 3.8632E-05 
752.922 3.82319E-05 
756.26 3.78379E-05 
759.599 3.74501E-05 
762.938 3.70681E-05 
766.277 3.6692E-05 
769.616 3.63215E-05 
772.955 3.59567E-05 
776.294 3.55973E-05 
779.633 3.52432E-05 
782.972 3.48944E-05 
786.311 3.45508E-05 
789.649 3.42122E-05 
792.988 3.38786E-05 
796.327 3.35498E-05 
799.666 3.32258E-05 
803.005 3.29064E-05 
806.344 3.25917E-05 
809.683 3.22814E-05 
813.022 3.19755E-05 
816.361 3.1674E-05 
819.7 3.13767E-05 
823.038 3.10835E-05 
826.377 3.07945E-05 
829.716 3.05094E-05 
833.055 3.02283E-05 
836.394 2.99511E-05 
839.733 2.96776E-05 
843.072 2.94079E-05 
846.411 2.91419E-05 
849.75 2.88794E-05 
853.089 2.86205E-05 
856.427 2.8365E-05 
859.766 2.81129E-05 
863.105 2.78642E-05 
866.444 2.76188E-05 
869.783 2.73766E-05 
873.122 2.71375E-05 
876.461 2.69016E-05 
879.8 2.66687E-05 
883.139 2.64389E-05 
886.477 2.6212E-05 
889.816 2.5988E-05 
893.155 2.57669E-05 
896.494 2.55485E-05 
899.833 2.5333E-05 
903.172 2.51201E-05 
906.511 2.491E-05 
909.85 2.47024E-05 
913.189 2.44974E-05 
916.528 2.4295E-05 
919.866 2.40951E-05 
923.205 2.38976E-05 
926.544 2.37025E-05 
929.883 2.35099E-05 
933.222 2.33195E-05 
936.561 2.31315E-05 
939.9 2.29457E-05 
943.239 2.27621E-05 
946.578 2.25808E-05 
949.917 2.24016E-05 
953.255 2.22245E-05 
956.594 2.20495E-05 
959.933 2.18766E-05 
963.272 2.17057E-05 
966.611 2.15368E-05 
969.95 2.13699E-05 
973.289 2.12048E-05 
976.628 2.10417E-05 
979.967 2.08805E-05 
983.305 2.07211E-05 
986.644 2.05635E-05 
989.983 2.04078E-05 
993.322 2.02537E-05 
996.661 2.01014E-05 
1000 1.99509E-05 
