-1000 0.000747597 
-996.661 0.000752117 
-993.322 0.000756679 
-989.983 0.000761282 
-986.644 0.000765928 
-983.305 0.000770616 
-979.967 0.000775348 
-976.628 0.000780123 
-973.289 0.000784942 
-969.95 0.000789807 
-966.611 0.000794717 
-963.272 0.000799672 
-959.933 0.000804675 
-956.594 0.000809724 
-953.255 0.000814821 
-949.917 0.000819967 
-946.578 0.000825161 
-943.239 0.000830405 
-939.9 0.000835699 
-936.561 0.000841044 
-933.222 0.000846441 
-929.883 0.000851889 
-926.544 0.000857391 
-923.205 0.000862946 
-919.866 0.000868555 
-916.528 0.000874219 
-913.189 0.000879939 
-909.85 0.000885715 
-906.511 0.000891549 
-903.172 0.00089744 
-899.833 0.00090339 
-896.494 0.000909399 
-893.155 0.000915468 
-889.816 0.000921599 
-886.477 0.000927791 
-883.139 0.000934046 
-879.8 0.000940365 
-876.461 0.000946748 
-873.122 0.000953196 
-869.783 0.00095971 
-866.444 0.000966292 
-863.105 0.000972941 
-859.766 0.00097966 
-856.427 0.000986448 
-853.089 0.000993307 
-849.75 0.00100024 
-846.411 0.00100724 
-843.072 0.00101432 
-839.733 0.00102147 
-836.394 0.0010287 
-833.055 0.00103601 
-829.716 0.00104339 
-826.377 0.00105085 
-823.038 0.0010584 
-819.7 0.00106602 
-816.361 0.00107373 
-813.022 0.00108152 
-809.683 0.0010894 
-806.344 0.00109737 
-803.005 0.00110542 
-799.666 0.00111356 
-796.327 0.00112179 
-792.988 0.00113011 
-789.649 0.00113853 
-786.311 0.00114704 
-782.972 0.00115564 
-779.633 0.00116435 
-776.294 0.00117315 
-772.955 0.00118205 
-769.616 0.00119106 
-766.277 0.00120016 
-762.938 0.00120938 
-759.599 0.0012187 
-756.26 0.00122812 
-752.922 0.00123766 
-749.583 0.00124731 
-746.244 0.00125707 
-742.905 0.00126695 
-739.566 0.00127695 
-736.227 0.00128706 
-732.888 0.00129729 
-729.549 0.00130765 
-726.21 0.00131813 
-722.871 0.00132874 
-719.533 0.00133948 
-716.194 0.00135035 
-712.855 0.00136135 
-709.516 0.00137249 
-706.177 0.00138376 
-702.838 0.00139517 
-699.499 0.00140673 
-696.16 0.00141843 
-692.821 0.00143027 
-689.482 0.00144227 
-686.144 0.00145442 
-682.805 0.00146672 
-679.466 0.00147918 
-676.127 0.00149179 
-672.788 0.00150457 
-669.449 0.00151752 
-666.11 0.00153063 
-662.771 0.00154392 
-659.432 0.00155738 
-656.094 0.00157101 
-652.755 0.00158483 
-649.416 0.00159883 
-646.077 0.00161301 
-642.738 0.00162739 
-639.399 0.00164195 
-636.06 0.00165672 
-632.721 0.00167169 
-629.382 0.00168685 
-626.043 0.00170223 
-622.705 0.00171782 
-619.366 0.00173362 
-616.027 0.00174965 
-612.688 0.0017659 
-609.349 0.00178237 
-606.01 0.00179908 
-602.671 0.00181602 
-599.332 0.0018332 
-595.993 0.00185063 
-592.654 0.00186831 
-589.316 0.00188625 
-585.977 0.00190444 
-582.638 0.0019229 
-579.299 0.00194163 
-575.96 0.00196063 
-572.621 0.00197992 
-569.282 0.00199949 
-565.943 0.00201935 
-562.604 0.00203951 
-559.265 0.00205998 
-555.927 0.00208075 
-552.588 0.00210184 
-549.249 0.00212326 
-545.91 0.002145 
-542.571 0.00216708 
-539.232 0.00218951 
-535.893 0.00221228 
-532.554 0.00223541 
-529.215 0.00225891 
-525.876 0.00228278 
-522.538 0.00230703 
-519.199 0.00233167 
-515.86 0.00235671 
-512.521 0.00238215 
-509.182 0.00240801 
-505.843 0.00243429 
-502.504 0.00246101 
-499.165 0.00248817 
-495.826 0.00251578 
-492.487 0.00254386 
-489.149 0.0025724 
-485.81 0.00260144 
-482.471 0.00263096 
-479.132 0.002661 
-475.793 0.00269155 
-472.454 0.00272263 
-469.115 0.00275426 
-465.776 0.00278644 
-462.437 0.00281919 
-459.099 0.00285252 
-455.76 0.00288645 
-452.421 0.00292098 
-449.082 0.00295614 
-445.743 0.00299195 
-442.404 0.0030284 
-439.065 0.00306553 
-435.726 0.00310335 
-432.387 0.00314187 
-429.048 0.00318112 
-425.71 0.00322111 
-422.371 0.00326185 
-419.032 0.00330338 
-415.693 0.00334571 
-412.354 0.00338886 
-409.015 0.00343285 
-405.676 0.0034777 
-402.337 0.00352344 
-398.998 0.0035701 
-395.659 0.00361768 
-392.321 0.00366623 
-388.982 0.00371576 
-385.643 0.00376631 
-382.304 0.0038179 
-378.965 0.00387056 
-375.626 0.00392431 
-372.287 0.0039792 
-368.948 0.00403525 
-365.609 0.0040925 
-362.27 0.00415097 
-358.932 0.00421071 
-355.593 0.00427176 
-352.254 0.00433414 
-348.915 0.00439791 
-345.576 0.0044631 
-342.237 0.00452975 
-338.898 0.00459791 
-335.559 0.00466763 
-332.22 0.00473894 
-328.881 0.00481191 
-325.543 0.00488659 
-322.204 0.00496302 
-318.865 0.00504126 
-315.526 0.00512138 
-312.187 0.00520342 
-308.848 0.00528746 
-305.509 0.00537356 
-302.17 0.00546179 
-298.831 0.00555222 
-295.492 0.00564491 
-292.154 0.00573996 
-288.815 0.00583744 
-285.476 0.00593743 
-282.137 0.00604002 
-278.798 0.00614531 
-275.459 0.00625338 
-272.12 0.00636434 
-268.781 0.00647829 
-265.442 0.00659534 
-262.104 0.00671561 
-258.765 0.00683921 
-255.426 0.00696627 
-252.087 0.00709692 
-248.748 0.0072313 
-245.409 0.00736954 
-242.07 0.00751181 
-238.731 0.00765826 
-235.392 0.00780906 
-232.053 0.00796437 
-228.715 0.00812439 
-225.376 0.0082893 
-222.037 0.00845931 
-218.698 0.00863464 
-215.359 0.0088155 
-212.02 0.00900214 
-208.681 0.00919481 
-205.342 0.00939376 
-202.003 0.00959928 
-198.664 0.00981165 
-195.326 0.0100312 
-191.987 0.0102583 
-188.648 0.0104932 
-185.309 0.0107363 
-181.97 0.010988 
-178.631 0.0112487 
-175.292 0.0115189 
-171.953 0.011799 
-168.614 0.0120896 
-165.275 0.0123911 
-161.937 0.0127041 
-158.598 0.0130292 
-155.259 0.0133671 
-151.92 0.0137184 
-148.581 0.0140838 
-145.242 0.0144642 
-141.903 0.0148603 
-138.564 0.0152731 
-135.225 0.0157035 
-131.886 0.0161526 
-128.548 0.0166214 
-125.209 0.0171111 
-121.87 0.0176231 
-118.531 0.0181586 
-115.192 0.0187192 
-111.853 0.0193065 
-108.514 0.0199223 
-105.175 0.0205683 
-101.836 0.0212467 
-98.4975 0.0219598 
-95.1586 0.0227098 
-91.8197 0.0234996 
-88.4808 0.0243319 
-85.1419 0.02521 
-81.803 0.0261372 
-78.4641 0.0271175 
-75.1252 0.0281551 
-71.7863 0.0292544 
-68.4474 0.0304207 
-65.1085 0.0316597 
-61.7696 0.0329776 
-58.4307 0.0343813 
-55.0918 0.0358788 
-51.7529 0.0374788 
-48.414 0.039191 
-45.0751 0.0410266 
-41.7362 0.0429979 
-38.3973 0.0451192 
-35.0584 0.0474065 
-31.7195 0.0498782 
-28.3806 0.0525553 
-25.0417 0.0554622 
-21.7028 0.058627 
-18.3639 0.0620824 
-15.025 0.0658667 
-11.6861 0.0700251 
-8.34725 0.0746111 
-5.00835 0.0796886 
-1.66945 0.0853349 
1.66945 0.0916435 
5.00835 0.0987296 
8.34725 0.106736 
11.6861 0.115843 
15.025 0.12628 
18.3639 0.138345 
21.7028 0.152434 
25.0417 0.169081 
28.3806 0.189031 
31.7195 0.213356 
35.0584 0.243655 
38.3973 0.282426 
41.7362 0.333722 
45.0751 0.40399 
48.414 0.499011 
51.7529 0.597338 
55.0918 0.656789 
58.4307 0.684774 
61.7696 0.697586 
65.1085 0.702772 
68.4474 0.703665 
71.7863 0.701894 
75.1252 0.698334 
78.4641 0.693488 
81.803 0.687663 
85.1419 0.681048 
88.4808 0.673768 
91.8197 0.665898 
95.1586 0.657487 
98.4975 0.64856 
101.836 0.639127 
105.175 0.629186 
108.514 0.618722 
111.853 0.607715 
115.192 0.596135 
118.531 0.583942 
121.87 0.571094 
125.209 0.557536 
128.548 0.54321 
131.886 0.528051 
135.225 0.511989 
138.564 0.49495 
141.903 0.476866 
145.242 0.457673 
148.581 0.437333 
151.92 0.415839 
155.259 0.393247 
158.598 0.369693 
161.937 0.345419 
165.275 0.320781 
168.614 0.296229 
171.953 0.27226 
175.292 0.249345 
178.631 0.22786 
181.97 0.208048 
185.309 0.190015 
188.648 0.173752 
191.987 0.159172 
195.326 0.146144 
198.664 0.134516 
202.003 0.124135 
205.342 0.114855 
208.681 0.106544 
212.02 0.0990819 
215.359 0.0923649 
218.698 0.0863016 
222.037 0.0808132 
225.376 0.0758312 
228.715 0.0712965 
232.053 0.0671581 
235.392 0.0633716 
238.731 0.0598985 
242.07 0.0567054 
245.409 0.053763 
248.748 0.0510458 
252.087 0.0485313 
255.426 0.0461999 
258.765 0.0440342 
262.104 0.0420187 
265.442 0.0401399 
268.781 0.0383855 
272.12 0.0367448 
275.459 0.0352081 
278.798 0.0337668 
282.137 0.032413 
285.476 0.0311398 
288.815 0.0299409 
292.154 0.0288105 
295.492 0.0277436 
298.831 0.0267353 
302.17 0.0257815 
305.509 0.0248783 
308.848 0.0240221 
312.187 0.0232097 
315.526 0.0224382 
318.865 0.0217048 
322.204 0.021007 
325.543 0.0203427 
328.881 0.0197095 
332.22 0.0191057 
335.559 0.0185295 
338.898 0.017979 
342.237 0.0174529 
345.576 0.0169498 
348.915 0.0164682 
352.254 0.016007 
355.593 0.015565 
358.932 0.0151411 
362.27 0.0147345 
365.609 0.0143441 
368.948 0.0139691 
372.287 0.0136087 
375.626 0.0132622 
378.965 0.0129287 
382.304 0.0126078 
385.643 0.0122988 
388.982 0.012001 
392.321 0.0117139 
395.659 0.0114371 
398.998 0.01117 
402.337 0.0109123 
405.676 0.0106633 
409.015 0.0104229 
412.354 0.0101905 
415.693 0.00996582 
419.032 0.00974853 
422.371 0.00953831 
425.71 0.00933483 
429.048 0.00913783 
432.387 0.00894702 
435.726 0.00876214 
439.065 0.00858296 
442.404 0.00840924 
445.743 0.00824076 
449.082 0.00807731 
452.421 0.00791869 
455.76 0.00776472 
459.099 0.00761521 
462.437 0.00746998 
465.776 0.00732889 
469.115 0.00719177 
472.454 0.00705847 
475.793 0.00692886 
479.132 0.00680279 
482.471 0.00668015 
485.81 0.0065608 
489.149 0.00644463 
492.487 0.00633153 
495.826 0.00622138 
499.165 0.0061141 
502.504 0.00600957 
505.843 0.00590771 
509.182 0.00580842 
512.521 0.00571162 
515.86 0.00561722 
519.199 0.00552515 
522.538 0.00543534 
525.876 0.0053477 
529.215 0.00526217 
532.554 0.00517867 
535.893 0.00509716 
539.232 0.00501756 
542.571 0.00493981 
545.91 0.00486386 
549.249 0.00478965 
552.588 0.00471713 
555.927 0.00464625 
559.265 0.00457695 
562.604 0.0045092 
565.943 0.00444295 
569.282 0.00437814 
572.621 0.00431475 
575.96 0.00425273 
579.299 0.00419203 
582.638 0.00413263 
585.977 0.00407449 
589.316 0.00401756 
592.654 0.00396183 
595.993 0.00390724 
599.332 0.00385378 
602.671 0.00380141 
606.01 0.0037501 
609.349 0.00369983 
612.688 0.00365056 
616.027 0.00360227 
619.366 0.00355494 
622.705 0.00350853 
626.043 0.00346302 
629.382 0.0034184 
632.721 0.00337464 
636.06 0.00333171 
639.399 0.00328959 
642.738 0.00324828 
646.077 0.00320773 
649.416 0.00316794 
652.755 0.00312889 
656.094 0.00309056 
659.432 0.00305292 
662.771 0.00301598 
666.11 0.00297969 
669.449 0.00294407 
672.788 0.00290907 
676.127 0.0028747 
679.466 0.00284093 
682.805 0.00280776 
686.144 0.00277516 
689.482 0.00274313 
692.821 0.00271165 
696.16 0.00268071 
699.499 0.0026503 
702.838 0.00262041 
706.177 0.00259101 
709.516 0.00256211 
712.855 0.00253369 
716.194 0.00250574 
719.533 0.00247825 
722.871 0.00245121 
726.21 0.00242462 
729.549 0.00239845 
732.888 0.0023727 
736.227 0.00234737 
739.566 0.00232244 
742.905 0.00229791 
746.244 0.00227376 
749.583 0.00224999 
752.922 0.0022266 
756.26 0.00220356 
759.599 0.00218089 
762.938 0.00215856 
766.277 0.00213657 
769.616 0.00211492 
772.955 0.00209359 
776.294 0.00207259 
779.633 0.0020519 
782.972 0.00203152 
786.311 0.00201144 
789.649 0.00199166 
792.988 0.00197217 
796.327 0.00195296 
799.666 0.00193403 
803.005 0.00191538 
806.344 0.001897 
809.683 0.00187888 
813.022 0.00186101 
816.361 0.00184341 
819.7 0.00182605 
823.038 0.00180893 
826.377 0.00179205 
829.716 0.00177541 
833.055 0.001759 
836.394 0.00174282 
839.733 0.00172686 
843.072 0.00171112 
846.411 0.00169559 
849.75 0.00168027 
853.089 0.00166516 
856.427 0.00165025 
859.766 0.00163555 
863.105 0.00162103 
866.444 0.00160671 
869.783 0.00159258 
873.122 0.00157864 
876.461 0.00156488 
879.8 0.00155129 
883.139 0.00153788 
886.477 0.00152465 
889.816 0.00151159 
893.155 0.00149869 
896.494 0.00148596 
899.833 0.00147339 
903.172 0.00146097 
906.511 0.00144872 
909.85 0.00143662 
913.189 0.00142467 
916.528 0.00141286 
919.866 0.00140121 
923.205 0.00138969 
926.544 0.00137832 
929.883 0.00136709 
933.222 0.001356 
936.561 0.00134503 
939.9 0.00133421 
943.239 0.00132351 
946.578 0.00131294 
949.917 0.00130249 
953.255 0.00129217 
956.594 0.00128198 
959.933 0.0012719 
963.272 0.00126194 
966.611 0.0012521 
969.95 0.00124237 
973.289 0.00123276 
976.628 0.00122325 
979.967 0.00121386 
983.305 0.00120457 
986.644 0.00119539 
989.983 0.00118632 
993.322 0.00117735 
996.661 0.00116847 
1000 0.0011597 
