-1000 9.53105E-05 
-996.661 9.59156E-05 
-993.322 9.65265E-05 
-989.983 9.71432E-05 
-986.644 9.77659E-05 
-983.305 9.83946E-05 
-979.967 9.90294E-05 
-976.628 9.96703E-05 
-973.289 0.000100318 
-969.95 0.000100971 
-966.611 0.000101631 
-963.272 0.000102297 
-959.933 0.000102971 
-956.594 0.00010365 
-953.255 0.000104337 
-949.917 0.00010503 
-946.578 0.00010573 
-943.239 0.000106438 
-939.9 0.000107152 
-936.561 0.000107874 
-933.222 0.000108603 
-929.883 0.000109339 
-926.544 0.000110083 
-923.205 0.000110835 
-919.866 0.000111594 
-916.528 0.000112361 
-913.189 0.000113136 
-909.85 0.00011392 
-906.511 0.000114711 
-903.172 0.00011551 
-899.833 0.000116319 
-896.494 0.000117135 
-893.155 0.00011796 
-889.816 0.000118794 
-886.477 0.000119637 
-883.139 0.000120489 
-879.8 0.00012135 
-876.461 0.00012222 
-873.122 0.0001231 
-869.783 0.000123989 
-866.444 0.000124888 
-863.105 0.000125797 
-859.766 0.000126715 
-856.427 0.000127644 
-853.089 0.000128583 
-849.75 0.000129533 
-846.411 0.000130493 
-843.072 0.000131464 
-839.733 0.000132445 
-836.394 0.000133438 
-833.055 0.000134442 
-829.716 0.000135458 
-826.377 0.000136484 
-823.038 0.000137523 
-819.7 0.000138574 
-816.361 0.000139636 
-813.022 0.000140711 
-809.683 0.000141799 
-806.344 0.000142899 
-803.005 0.000144012 
-799.666 0.000145138 
-796.327 0.000146277 
-792.988 0.00014743 
-789.649 0.000148596 
-786.311 0.000149777 
-782.972 0.000150971 
-779.633 0.00015218 
-776.294 0.000153404 
-772.955 0.000154642 
-769.616 0.000155896 
-766.277 0.000157164 
-762.938 0.000158449 
-759.599 0.000159749 
-756.26 0.000161065 
-752.922 0.000162398 
-749.583 0.000163747 
-746.244 0.000165113 
-742.905 0.000166496 
-739.566 0.000167897 
-736.227 0.000169316 
-732.888 0.000170753 
-729.549 0.000172208 
-726.21 0.000173681 
-722.871 0.000175174 
-719.533 0.000176686 
-716.194 0.000178218 
-712.855 0.00017977 
-709.516 0.000181342 
-706.177 0.000182935 
-702.838 0.000184549 
-699.499 0.000186185 
-696.16 0.000187842 
-692.821 0.000189522 
-689.482 0.000191224 
-686.144 0.000192949 
-682.805 0.000194698 
-679.466 0.000196471 
-676.127 0.000198268 
-672.788 0.00020009 
-669.449 0.000201937 
-666.11 0.00020381 
-662.771 0.00020571 
-659.432 0.000207635 
-656.094 0.000209588 
-652.755 0.000211569 
-649.416 0.000213578 
-646.077 0.000215616 
-642.738 0.000217683 
-639.399 0.00021978 
-636.06 0.000221908 
-632.721 0.000224066 
-629.382 0.000226257 
-626.043 0.000228479 
-622.705 0.000230735 
-619.366 0.000233024 
-616.027 0.000235347 
-612.688 0.000237706 
-609.349 0.0002401 
-606.01 0.00024253 
-602.671 0.000244998 
-599.332 0.000247503 
-595.993 0.000250047 
-592.654 0.000252631 
-589.316 0.000255255 
-585.977 0.00025792 
-582.638 0.000260627 
-579.299 0.000263377 
-575.96 0.000266171 
-572.621 0.000269009 
-569.282 0.000271893 
-565.943 0.000274824 
-562.604 0.000277803 
-559.265 0.00028083 
-555.927 0.000283907 
-552.588 0.000287035 
-549.249 0.000290215 
-545.91 0.000293448 
-542.571 0.000296736 
-539.232 0.000300079 
-535.893 0.000303479 
-532.554 0.000306938 
-529.215 0.000310455 
-525.876 0.000314034 
-522.538 0.000317675 
-519.199 0.00032138 
-515.86 0.00032515 
-512.521 0.000328987 
-509.182 0.000332892 
-505.843 0.000336867 
-502.504 0.000340914 
-499.165 0.000345034 
-495.826 0.00034923 
-492.487 0.000353503 
-489.149 0.000357854 
-485.81 0.000362287 
-482.471 0.000366802 
-479.132 0.000371403 
-475.793 0.000376091 
-472.454 0.000380868 
-469.115 0.000385737 
-465.776 0.0003907 
-462.437 0.000395759 
-459.099 0.000400917 
-455.76 0.000406177 
-452.421 0.000411542 
-449.082 0.000417013 
-445.743 0.000422595 
-442.404 0.000428289 
-439.065 0.000434099 
-435.726 0.000440029 
-432.387 0.00044608 
-429.048 0.000452258 
-425.71 0.000458565 
-422.371 0.000465005 
-419.032 0.000471582 
-415.693 0.0004783 
-412.354 0.000485162 
-409.015 0.000492173 
-405.676 0.000499337 
-402.337 0.000506659 
-398.998 0.000514144 
-395.659 0.000521795 
-392.321 0.000529619 
-388.982 0.000537621 
-385.643 0.000545805 
-382.304 0.000554178 
-378.965 0.000562745 
-375.626 0.000571512 
-372.287 0.000580487 
-368.948 0.000589674 
-365.609 0.000599082 
-362.27 0.000608717 
-358.932 0.000618586 
-355.593 0.000628697 
-352.254 0.000639059 
-348.915 0.00064968 
-345.576 0.000660567 
-342.237 0.000671731 
-338.898 0.00068318 
-335.559 0.000694925 
-332.22 0.000706976 
-328.881 0.000719344 
-325.543 0.000732039 
-322.204 0.000745073 
-318.865 0.00075846 
-315.526 0.00077221 
-312.187 0.000786338 
-308.848 0.000800858 
-305.509 0.000815785 
-302.17 0.000831133 
-298.831 0.000846918 
-295.492 0.000863159 
-292.154 0.000879871 
-288.815 0.000897074 
-285.476 0.000914787 
-282.137 0.000933031 
-278.798 0.000951826 
-275.459 0.000971196 
-272.12 0.000991163 
-268.781 0.00101175 
-265.442 0.00103299 
-262.104 0.00105491 
-258.765 0.00107753 
-255.426 0.00110089 
-252.087 0.00112502 
-248.748 0.00114995 
-245.409 0.00117572 
-242.07 0.00120236 
-238.731 0.00122993 
-235.392 0.00125845 
-232.053 0.00128798 
-228.715 0.00131856 
-225.376 0.00135025 
-222.037 0.00138309 
-218.698 0.00141715 
-215.359 0.00145248 
-212.02 0.00148915 
-208.681 0.00152723 
-205.342 0.0015668 
-202.003 0.00160792 
-198.664 0.00165068 
-195.326 0.00169518 
-191.987 0.0017415 
-188.648 0.00178976 
-185.309 0.00184004 
-181.97 0.00189249 
-178.631 0.0019472 
-175.292 0.00200434 
-171.953 0.00206402 
-168.614 0.00212642 
-165.275 0.0021917 
-161.937 0.00226003 
-158.598 0.00233162 
-155.259 0.00240666 
-151.92 0.0024854 
-148.581 0.00256808 
-145.242 0.00265495 
-141.903 0.00274633 
-138.564 0.00284251 
-135.225 0.00294384 
-131.886 0.0030507 
-128.548 0.00316351 
-125.209 0.0032827 
-121.87 0.00340878 
-118.531 0.00354228 
-115.192 0.0036838 
-111.853 0.003834 
-108.514 0.0039936 
-105.175 0.00416341 
-101.836 0.00434432 
-98.4975 0.00453732 
-95.1586 0.00474352 
-91.8197 0.00496415 
-88.4808 0.0052006 
-85.1419 0.00545442 
-81.803 0.00572735 
-78.4641 0.00602139 
-75.1252 0.00633877 
-71.7863 0.00668204 
-68.4474 0.0070541 
-65.1085 0.00745829 
-61.7696 0.00789844 
-58.4307 0.00837896 
-55.0918 0.00890499 
-51.7529 0.00948248 
-48.414 0.0101184 
-45.0751 0.010821 
-41.7362 0.0116001 
-38.3973 0.0124671 
-35.0584 0.0134361 
-31.7195 0.0145237 
-28.3806 0.0157504 
-25.0417 0.0171413 
-21.7028 0.0187274 
-18.3639 0.0205476 
-15.025 0.022651 
-11.6861 0.0251008 
-8.34725 0.0279788 
-5.00835 0.0313933 
-1.66945 0.03549 
1.66945 0.0404692 
5.00835 0.0466128 
8.34725 0.0543295 
11.6861 0.0642335 
15.025 0.0772889 
18.3639 0.0950958 
21.7028 0.120517 
25.0417 0.159239 
28.3806 0.224529 
31.7195 0.356667 
35.0584 0.633903 
38.3973 0.745078 
41.7362 0.769817 
45.0751 0.77428 
48.414 0.769944 
51.7529 0.759966 
55.0918 0.745116 
58.4307 0.724978 
61.7696 0.698046 
65.1085 0.661164 
68.4474 0.607965 
71.7863 0.525909 
75.1252 0.403049 
78.4641 0.278077 
81.803 0.195347 
85.1419 0.144692 
88.4808 0.111962 
91.8197 0.0895315 
95.1586 0.0734184 
98.4975 0.0614091 
101.836 0.0521928 
105.175 0.0449501 
108.514 0.0391458 
111.853 0.0344168 
115.192 0.030509 
118.531 0.0272404 
121.87 0.024477 
125.209 0.0221188 
128.548 0.0200893 
131.886 0.0183296 
135.225 0.0167935 
138.564 0.0154443 
141.903 0.0142527 
145.242 0.0131949 
148.581 0.0122514 
151.92 0.0114063 
155.259 0.0106462 
158.598 0.00996003 
161.937 0.00933849 
165.275 0.00877364 
168.614 0.00825877 
171.953 0.00778813 
175.292 0.00735677 
178.631 0.00696042 
181.97 0.00659537 
185.309 0.00625841 
188.648 0.00594671 
191.987 0.0056578 
195.326 0.00538951 
198.664 0.00513992 
202.003 0.00490732 
205.342 0.0046902 
208.681 0.00448721 
212.02 0.00429715 
215.359 0.00411894 
218.698 0.00395161 
222.037 0.0037943 
225.376 0.00364622 
228.715 0.00350666 
232.053 0.00337497 
235.392 0.00325058 
238.731 0.00313295 
242.07 0.0030216 
245.409 0.00291609 
248.748 0.00281603 
252.087 0.00272103 
255.426 0.00263077 
258.765 0.00254493 
262.104 0.00246323 
265.442 0.0023854 
268.781 0.00231121 
272.12 0.00224044 
275.459 0.00217286 
278.798 0.00210831 
282.137 0.00204659 
285.476 0.00198754 
288.815 0.00193102 
292.154 0.00187687 
295.492 0.00182497 
298.831 0.0017752 
302.17 0.00172744 
305.509 0.00168158 
308.848 0.00163752 
312.187 0.00159517 
315.526 0.00155445 
318.865 0.00151527 
322.204 0.00147755 
325.543 0.00144122 
328.881 0.00140622 
332.22 0.00137248 
335.559 0.00133993 
338.898 0.00130854 
342.237 0.00127823 
345.576 0.00124897 
348.915 0.00122069 
352.254 0.00119337 
355.593 0.00116696 
358.932 0.00114141 
362.27 0.0011167 
365.609 0.00109277 
368.948 0.00106961 
372.287 0.00104718 
375.626 0.00102544 
378.965 0.00100438 
382.304 0.000983958 
385.643 0.000964153 
388.982 0.00094494 
392.321 0.000926296 
395.659 0.000908198 
398.998 0.000890626 
402.337 0.000873558 
405.676 0.000856977 
409.015 0.000840863 
412.354 0.000825199 
415.693 0.000809969 
419.032 0.000795157 
422.371 0.000780748 
425.71 0.000766727 
429.048 0.00075308 
432.387 0.000739794 
435.726 0.000726856 
439.065 0.000714255 
442.404 0.000701979 
445.743 0.000690017 
449.082 0.000678357 
452.421 0.000666991 
455.76 0.000655908 
459.099 0.000645099 
462.437 0.000634555 
465.776 0.000624267 
469.115 0.000614228 
472.454 0.000604428 
475.793 0.000594862 
479.132 0.00058552 
482.471 0.000576397 
485.81 0.000567485 
489.149 0.000558779 
492.487 0.000550271 
495.826 0.000541956 
499.165 0.000533828 
502.504 0.000525881 
505.843 0.000518111 
509.182 0.000510511 
512.521 0.000503077 
515.86 0.000495805 
519.199 0.000488689 
522.538 0.000481725 
525.876 0.000474908 
529.215 0.000468236 
532.554 0.000461703 
535.893 0.000455306 
539.232 0.00044904 
542.571 0.000442903 
545.91 0.000436891 
549.249 0.000431001 
552.588 0.000425229 
555.927 0.000419572 
559.265 0.000414027 
562.604 0.000408591 
565.943 0.000403261 
569.282 0.000398035 
572.621 0.00039291 
575.96 0.000387884 
579.299 0.000382953 
582.638 0.000378115 
585.977 0.000373369 
589.316 0.000368711 
592.654 0.00036414 
595.993 0.000359653 
599.332 0.000355249 
602.671 0.000350925 
606.01 0.000346679 
609.349 0.00034251 
612.688 0.000338416 
616.027 0.000334394 
619.366 0.000330444 
622.705 0.000326564 
626.043 0.000322751 
629.382 0.000319004 
632.721 0.000315323 
636.06 0.000311705 
639.399 0.000308148 
642.738 0.000304653 
646.077 0.000301216 
649.416 0.000297837 
652.755 0.000294514 
656.094 0.000291247 
659.432 0.000288034 
662.771 0.000284874 
666.11 0.000281765 
669.449 0.000278707 
672.788 0.000275699 
676.127 0.000272738 
679.466 0.000269826 
682.805 0.000266959 
686.144 0.000264138 
689.482 0.000261362 
692.821 0.000258629 
696.16 0.000255938 
699.499 0.00025329 
702.838 0.000250682 
706.177 0.000248114 
709.516 0.000245586 
712.855 0.000243096 
716.194 0.000240643 
719.533 0.000238228 
722.871 0.000235848 
726.21 0.000233504 
729.549 0.000231195 
732.888 0.00022892 
736.227 0.000226678 
739.566 0.000224469 
742.905 0.000222292 
746.244 0.000220147 
749.583 0.000218032 
752.922 0.000215948 
756.26 0.000213894 
759.599 0.000211868 
762.938 0.000209871 
766.277 0.000207903 
769.616 0.000205962 
772.955 0.000204048 
776.294 0.00020216 
779.633 0.000200298 
782.972 0.000198463 
786.311 0.000196652 
789.649 0.000194866 
792.988 0.000193104 
796.327 0.000191365 
799.666 0.00018965 
803.005 0.000187959 
806.344 0.000186289 
809.683 0.000184642 
813.022 0.000183016 
816.361 0.000181412 
819.7 0.000179829 
823.038 0.000178266 
826.377 0.000176724 
829.716 0.000175201 
833.055 0.000173699 
836.394 0.000172215 
839.733 0.00017075 
843.072 0.000169304 
846.411 0.000167876 
849.75 0.000166466 
853.089 0.000165074 
856.427 0.000163699 
859.766 0.000162341 
863.105 0.000161 
866.444 0.000159676 
869.783 0.000158368 
873.122 0.000157076 
876.461 0.000155799 
879.8 0.000154538 
883.139 0.000153293 
886.477 0.000152062 
889.816 0.000150846 
893.155 0.000149644 
896.494 0.000148457 
899.833 0.000147284 
903.172 0.000146125 
906.511 0.000144979 
909.85 0.000143847 
913.189 0.000142728 
916.528 0.000141622 
919.866 0.000140528 
923.205 0.000139448 
926.544 0.000138379 
929.883 0.000137323 
933.222 0.000136279 
936.561 0.000135247 
939.9 0.000134226 
943.239 0.000133217 
946.578 0.00013222 
949.917 0.000131233 
953.255 0.000130258 
956.594 0.000129293 
959.933 0.000128339 
963.272 0.000127395 
966.611 0.000126462 
969.95 0.000125539 
973.289 0.000124626 
976.628 0.000123723 
979.967 0.00012283 
983.305 0.000121946 
986.644 0.000121072 
989.983 0.000120207 
993.322 0.000119352 
996.661 0.000118505 
1000 0.000117667 
