-1000 0.000201827 
-996.661 0.000203109 
-993.322 0.000204403 
-989.983 0.000205709 
-986.644 0.000207028 
-983.305 0.00020836 
-979.967 0.000209704 
-976.628 0.000211062 
-973.289 0.000212432 
-969.95 0.000213817 
-966.611 0.000215215 
-963.272 0.000216626 
-959.933 0.000218052 
-956.594 0.000219491 
-953.255 0.000220946 
-949.917 0.000222414 
-946.578 0.000223897 
-943.239 0.000225396 
-939.9 0.000226909 
-936.561 0.000228437 
-933.222 0.000229982 
-929.883 0.000231541 
-926.544 0.000233117 
-923.205 0.000234709 
-919.866 0.000236318 
-916.528 0.000237943 
-913.189 0.000239584 
-909.85 0.000241243 
-906.511 0.00024292 
-903.172 0.000244613 
-899.833 0.000246325 
-896.494 0.000248055 
-893.155 0.000249803 
-889.816 0.000251569 
-886.477 0.000253354 
-883.139 0.000255159 
-879.8 0.000256983 
-876.461 0.000258826 
-873.122 0.00026069 
-869.783 0.000262573 
-866.444 0.000264477 
-863.105 0.000266402 
-859.766 0.000268349 
-856.427 0.000270316 
-853.089 0.000272305 
-849.75 0.000274317 
-846.411 0.000276351 
-843.072 0.000278407 
-839.733 0.000280487 
-836.394 0.00028259 
-833.055 0.000284716 
-829.716 0.000286867 
-826.377 0.000289043 
-823.038 0.000291243 
-819.7 0.000293469 
-816.361 0.00029572 
-813.022 0.000297997 
-809.683 0.000300301 
-806.344 0.000302631 
-803.005 0.000304989 
-799.666 0.000307375 
-796.327 0.000309788 
-792.988 0.00031223 
-789.649 0.000314702 
-786.311 0.000317202 
-782.972 0.000319733 
-779.633 0.000322294 
-776.294 0.000324886 
-772.955 0.00032751 
-769.616 0.000330166 
-766.277 0.000332854 
-762.938 0.000335575 
-759.599 0.000338329 
-756.26 0.000341118 
-752.922 0.000343941 
-749.583 0.0003468 
-746.244 0.000349694 
-742.905 0.000352625 
-739.566 0.000355593 
-736.227 0.000358598 
-732.888 0.000361642 
-729.549 0.000364725 
-726.21 0.000367848 
-722.871 0.00037101 
-719.533 0.000374214 
-716.194 0.00037746 
-712.855 0.000380748 
-709.516 0.000384079 
-706.177 0.000387454 
-702.838 0.000390874 
-699.499 0.00039434 
-696.16 0.000397852 
-692.821 0.000401411 
-689.482 0.000405018 
-686.144 0.000408674 
-682.805 0.00041238 
-679.466 0.000416136 
-676.127 0.000419944 
-672.788 0.000423805 
-669.449 0.000427719 
-666.11 0.000431688 
-662.771 0.000435713 
-659.432 0.000439794 
-656.094 0.000443932 
-652.755 0.00044813 
-649.416 0.000452387 
-646.077 0.000456705 
-642.738 0.000461086 
-639.399 0.00046553 
-636.06 0.000470039 
-632.721 0.000474613 
-629.382 0.000479255 
-626.043 0.000483965 
-622.705 0.000488745 
-619.366 0.000493597 
-616.027 0.000498521 
-612.688 0.000503519 
-609.349 0.000508593 
-606.01 0.000513744 
-602.671 0.000518974 
-599.332 0.000524284 
-595.993 0.000529676 
-592.654 0.000535152 
-589.316 0.000540714 
-585.977 0.000546362 
-582.638 0.0005521 
-579.299 0.000557929 
-575.96 0.00056385 
-572.621 0.000569867 
-569.282 0.000575981 
-565.943 0.000582193 
-562.604 0.000588507 
-559.265 0.000594924 
-555.927 0.000601447 
-552.588 0.000608077 
-549.249 0.000614819 
-545.91 0.000621673 
-542.571 0.000628642 
-539.232 0.000635729 
-535.893 0.000642938 
-532.554 0.000650269 
-529.215 0.000657727 
-525.876 0.000665314 
-522.538 0.000673033 
-519.199 0.000680888 
-515.86 0.000688881 
-512.521 0.000697016 
-509.182 0.000705296 
-505.843 0.000713724 
-502.504 0.000722305 
-499.165 0.000731042 
-495.826 0.000739938 
-492.487 0.000748998 
-489.149 0.000758226 
-485.81 0.000767625 
-482.471 0.0007772 
-479.132 0.000786956 
-475.793 0.000796897 
-472.454 0.000807028 
-469.115 0.000817354 
-465.776 0.000827879 
-462.437 0.000838609 
-459.099 0.000849549 
-455.76 0.000860706 
-452.421 0.000872083 
-449.082 0.000883688 
-445.743 0.000895527 
-442.404 0.000907605 
-439.065 0.00091993 
-435.726 0.000932508 
-432.387 0.000945345 
-429.048 0.000958451 
-425.71 0.00097183 
-422.371 0.000985493 
-419.032 0.000999446 
-415.693 0.0010137 
-412.354 0.00102826 
-409.015 0.00104313 
-405.676 0.00105833 
-402.337 0.00107387 
-398.998 0.00108975 
-395.659 0.00110599 
-392.321 0.00112259 
-388.982 0.00113957 
-385.643 0.00115694 
-382.304 0.00117471 
-378.965 0.00119289 
-375.626 0.0012115 
-372.287 0.00123055 
-368.948 0.00125005 
-365.609 0.00127002 
-362.27 0.00129047 
-358.932 0.00131143 
-355.593 0.00133289 
-352.254 0.00135489 
-348.915 0.00137744 
-345.576 0.00140056 
-342.237 0.00142426 
-338.898 0.00144858 
-335.559 0.00147352 
-332.22 0.00149911 
-328.881 0.00152538 
-325.543 0.00155234 
-322.204 0.00158003 
-318.865 0.00160846 
-315.526 0.00163768 
-312.187 0.00166769 
-308.848 0.00169854 
-305.509 0.00173026 
-302.17 0.00176287 
-298.831 0.00179641 
-295.492 0.00183093 
-292.154 0.00186645 
-288.815 0.00190301 
-285.476 0.00194066 
-282.137 0.00197945 
-278.798 0.00201941 
-275.459 0.00206059 
-272.12 0.00210305 
-268.781 0.00214684 
-265.442 0.00219201 
-262.104 0.00223863 
-258.765 0.00228675 
-255.426 0.00233644 
-252.087 0.00238778 
-248.748 0.00244083 
-245.409 0.00249567 
-242.07 0.00255238 
-238.731 0.00261105 
-235.392 0.00267178 
-232.053 0.00273465 
-228.715 0.00279977 
-225.376 0.00286725 
-222.037 0.00293721 
-218.698 0.00300977 
-215.359 0.00308505 
-212.02 0.0031632 
-208.681 0.00324437 
-205.342 0.00332871 
-202.003 0.00341639 
-198.664 0.00350759 
-195.326 0.0036025 
-191.987 0.00370133 
-188.648 0.00380429 
-185.309 0.00391163 
-181.97 0.00402358 
-178.631 0.00414043 
-175.292 0.00426246 
-171.953 0.00438998 
-168.614 0.00452332 
-165.275 0.00466286 
-161.937 0.00480898 
-158.598 0.00496211 
-155.259 0.00512269 
-151.92 0.00529122 
-148.581 0.00546825 
-145.242 0.00565435 
-141.903 0.00585015 
-138.564 0.00605635 
-135.225 0.00627369 
-131.886 0.006503 
-128.548 0.00674518 
-125.209 0.00700121 
-121.87 0.00727218 
-118.531 0.00755927 
-115.192 0.0078638 
-111.853 0.00818722 
-108.514 0.00853113 
-105.175 0.00889732 
-101.836 0.00928775 
-98.4975 0.00970464 
-95.1586 0.0101504 
-91.8197 0.0106279 
-88.4808 0.0111402 
-85.1419 0.0116907 
-81.803 0.0122833 
-78.4641 0.0129227 
-75.1252 0.0136138 
-71.7863 0.0143624 
-68.4474 0.0151752 
-65.1085 0.0160597 
-61.7696 0.0170249 
-58.4307 0.0180809 
-55.0918 0.0192396 
-51.7529 0.0205151 
-48.414 0.0219237 
-45.0751 0.0234851 
-41.7362 0.0252224 
-38.3973 0.0271637 
-35.0584 0.029343 
-31.7195 0.0318016 
-28.3806 0.0345906 
-25.0417 0.0377737 
-21.7028 0.041431 
-18.3639 0.0456649 
-15.025 0.0506078 
-11.6861 0.0564343 
-8.34725 0.0633786 
-5.00835 0.071762 
-1.66945 0.0820378 
1.66945 0.0948657 
5.00835 0.111245 
8.34725 0.132772 
11.6861 0.162172 
15.025 0.20458 
18.3639 0.271259 
21.7028 0.394768 
25.0417 0.717803 
28.3806 0.85144 
31.7195 0.865962 
35.0584 0.866706 
38.3973 0.862831 
41.7362 0.856579 
45.0751 0.848702 
48.414 0.83944 
51.7529 0.828796 
55.0918 0.816617 
58.4307 0.802602 
61.7696 0.786268 
65.1085 0.766864 
68.4474 0.743198 
71.7863 0.71329 
75.1252 0.673648 
78.4641 0.617827 
81.803 0.535094 
85.1419 0.422395 
88.4808 0.3146 
91.8197 0.238241 
95.1586 0.18697 
98.4975 0.151322 
101.836 0.125461 
105.175 0.10601 
108.514 0.0909501 
111.853 0.0790111 
115.192 0.0693612 
118.531 0.0614343 
121.87 0.0548325 
125.209 0.049269 
128.548 0.0445321 
131.886 0.0404623 
135.225 0.0369376 
138.564 0.033863 
141.903 0.0311637 
145.242 0.0287801 
148.581 0.026664 
151.92 0.0247764 
155.259 0.023085 
158.598 0.0215633 
161.937 0.020189 
165.275 0.0189435 
168.614 0.0178109 
171.953 0.016778 
175.292 0.0158333 
178.631 0.0149668 
181.97 0.0141702 
185.309 0.013436 
188.648 0.0127579 
191.987 0.0121302 
195.326 0.011548 
198.664 0.011007 
202.003 0.0105034 
205.342 0.0100338 
208.681 0.00959521 
212.02 0.00918488 
215.359 0.00880047 
218.698 0.00843981 
222.037 0.00810098 
225.376 0.00778224 
228.715 0.00748204 
232.053 0.00719895 
235.392 0.00693169 
238.731 0.0066791 
242.07 0.00644012 
245.409 0.00621379 
248.748 0.00599922 
252.087 0.00579562 
255.426 0.00560224 
258.765 0.00541841 
262.104 0.0052435 
265.442 0.00507696 
268.781 0.00491825 
272.12 0.00476689 
275.459 0.00462242 
278.798 0.00448444 
282.137 0.00435257 
285.476 0.00422644 
288.815 0.00410572 
292.154 0.00399012 
295.492 0.00387934 
298.831 0.00377312 
302.17 0.00367121 
305.509 0.00357339 
308.848 0.00347943 
312.187 0.00338913 
315.526 0.00330231 
318.865 0.00321879 
322.204 0.00313841 
325.543 0.003061 
328.881 0.00298643 
332.22 0.00291455 
335.559 0.00284524 
338.898 0.00277837 
342.237 0.00271384 
345.576 0.00265154 
348.915 0.00259136 
352.254 0.0025332 
355.593 0.00247699 
358.932 0.00242262 
362.27 0.00237003 
365.609 0.00231914 
368.948 0.00226987 
372.287 0.00222215 
375.626 0.00217593 
378.965 0.00213113 
382.304 0.00208771 
385.643 0.00204559 
388.982 0.00200475 
392.321 0.00196511 
395.659 0.00192664 
398.998 0.00188929 
402.337 0.00185301 
405.676 0.00181777 
409.015 0.00178353 
412.354 0.00175024 
415.693 0.00171788 
419.032 0.00168641 
422.371 0.0016558 
425.71 0.00162601 
429.048 0.00159702 
432.387 0.0015688 
435.726 0.00154132 
439.065 0.00151456 
442.404 0.00148849 
445.743 0.00146309 
449.082 0.00143833 
452.421 0.00141419 
455.76 0.00139066 
459.099 0.00136771 
462.437 0.00134532 
465.776 0.00132348 
469.115 0.00130217 
472.454 0.00128136 
475.793 0.00126106 
479.132 0.00124123 
482.471 0.00122186 
485.81 0.00120295 
489.149 0.00118447 
492.487 0.00116641 
495.826 0.00114877 
499.165 0.00113152 
502.504 0.00111465 
505.843 0.00109816 
509.182 0.00108204 
512.521 0.00106627 
515.86 0.00105083 
519.199 0.00103574 
522.538 0.00102096 
525.876 0.0010065 
529.215 0.000992343 
532.554 0.000978483 
535.893 0.000964912 
539.232 0.000951621 
542.571 0.000938603 
545.91 0.00092585 
549.249 0.000913355 
552.588 0.000901111 
555.927 0.000889112 
559.265 0.000877351 
562.604 0.000865822 
565.943 0.000854518 
569.282 0.000843435 
572.621 0.000832565 
575.96 0.000821905 
579.299 0.000811447 
582.638 0.000801188 
585.977 0.000791123 
589.316 0.000781245 
592.654 0.000771552 
595.993 0.000762038 
599.332 0.000752698 
602.671 0.00074353 
606.01 0.000734527 
609.349 0.000725687 
612.688 0.000717006 
616.027 0.00070848 
619.366 0.000700105 
622.705 0.000691877 
626.043 0.000683793 
629.382 0.00067585 
632.721 0.000668045 
636.06 0.000660374 
639.399 0.000652835 
642.738 0.000645424 
646.077 0.000638138 
649.416 0.000630975 
652.755 0.000623932 
656.094 0.000617006 
659.432 0.000610194 
662.771 0.000603495 
666.11 0.000596905 
669.449 0.000590423 
672.788 0.000584046 
676.127 0.000577771 
679.466 0.000571597 
682.805 0.000565521 
686.144 0.000559542 
689.482 0.000553657 
692.821 0.000547864 
696.16 0.000542162 
699.499 0.000536548 
702.838 0.000531021 
706.177 0.000525578 
709.516 0.000520219 
712.855 0.000514942 
716.194 0.000509744 
719.533 0.000504625 
722.871 0.000499582 
726.21 0.000494614 
729.549 0.00048972 
732.888 0.000484899 
736.227 0.000480148 
739.566 0.000475466 
742.905 0.000470853 
746.244 0.000466306 
749.583 0.000461825 
752.922 0.000457409 
756.26 0.000453055 
759.599 0.000448763 
762.938 0.000444531 
766.277 0.00044036 
769.616 0.000436246 
772.955 0.00043219 
776.294 0.00042819 
779.633 0.000424246 
782.972 0.000420355 
786.311 0.000416518 
789.649 0.000412734 
792.988 0.000409 
796.327 0.000405317 
799.666 0.000401683 
803.005 0.000398098 
806.344 0.000394561 
809.683 0.00039107 
813.022 0.000387626 
816.361 0.000384227 
819.7 0.000380872 
823.038 0.000377562 
826.377 0.000374294 
829.716 0.000371068 
833.055 0.000367884 
836.394 0.00036474 
839.733 0.000361637 
843.072 0.000358573 
846.411 0.000355548 
849.75 0.000352561 
853.089 0.000349611 
856.427 0.000346698 
859.766 0.000343821 
863.105 0.00034098 
866.444 0.000338174 
869.783 0.000335403 
873.122 0.000332665 
876.461 0.000329961 
879.8 0.00032729 
883.139 0.00032465 
886.477 0.000322043 
889.816 0.000319467 
893.155 0.000316922 
896.494 0.000314406 
899.833 0.000311921 
903.172 0.000309465 
906.511 0.000307038 
909.85 0.000304639 
913.189 0.000302269 
916.528 0.000299925 
919.866 0.000297609 
923.205 0.00029532 
926.544 0.000293057 
929.883 0.00029082 
933.222 0.000288608 
936.561 0.000286421 
939.9 0.000284259 
943.239 0.000282122 
946.578 0.000280008 
949.917 0.000277918 
953.255 0.000275852 
956.594 0.000273808 
959.933 0.000271787 
963.272 0.000269788 
966.611 0.000267811 
969.95 0.000265856 
973.289 0.000263922 
976.628 0.000262009 
979.967 0.000260117 
983.305 0.000258245 
986.644 0.000256394 
989.983 0.000254562 
993.322 0.000252749 
996.661 0.000250956 
1000 0.000249182 
