-1000 0.000134066 
-996.661 0.000134925 
-993.322 0.000135793 
-989.983 0.000136669 
-986.644 0.000137553 
-983.305 0.000138446 
-979.967 0.000139348 
-976.628 0.000140259 
-973.289 0.000141179 
-969.95 0.000142107 
-966.611 0.000143046 
-963.272 0.000143993 
-959.933 0.00014495 
-956.594 0.000145916 
-953.255 0.000146892 
-949.917 0.000147878 
-946.578 0.000148874 
-943.239 0.00014988 
-939.9 0.000150897 
-936.561 0.000151923 
-933.222 0.00015296 
-929.883 0.000154008 
-926.544 0.000155067 
-923.205 0.000156137 
-919.866 0.000157218 
-916.528 0.00015831 
-913.189 0.000159413 
-909.85 0.000160529 
-906.511 0.000161656 
-903.172 0.000162794 
-899.833 0.000163945 
-896.494 0.000165109 
-893.155 0.000166284 
-889.816 0.000167473 
-886.477 0.000168674 
-883.139 0.000169888 
-879.8 0.000171115 
-876.461 0.000172356 
-873.122 0.00017361 
-869.783 0.000174878 
-866.444 0.00017616 
-863.105 0.000177456 
-859.766 0.000178767 
-856.427 0.000180092 
-853.089 0.000181432 
-849.75 0.000182787 
-846.411 0.000184157 
-843.072 0.000185543 
-839.733 0.000186944 
-836.394 0.000188362 
-833.055 0.000189795 
-829.716 0.000191245 
-826.377 0.000192712 
-823.038 0.000194196 
-819.7 0.000195697 
-816.361 0.000197215 
-813.022 0.000198752 
-809.683 0.000200306 
-806.344 0.000201879 
-803.005 0.00020347 
-799.666 0.00020508 
-796.327 0.00020671 
-792.988 0.000208359 
-789.649 0.000210027 
-786.311 0.000211716 
-782.972 0.000213426 
-779.633 0.000215156 
-776.294 0.000216907 
-772.955 0.00021868 
-769.616 0.000220475 
-766.277 0.000222292 
-762.938 0.000224132 
-759.599 0.000225994 
-756.26 0.00022788 
-752.922 0.00022979 
-749.583 0.000231724 
-746.244 0.000233682 
-742.905 0.000235666 
-739.566 0.000237674 
-736.227 0.000239709 
-732.888 0.00024177 
-729.549 0.000243857 
-726.21 0.000245972 
-722.871 0.000248115 
-719.533 0.000250285 
-716.194 0.000252485 
-712.855 0.000254713 
-709.516 0.000256971 
-706.177 0.00025926 
-702.838 0.000261579 
-699.499 0.000263929 
-696.16 0.000266311 
-692.821 0.000268726 
-689.482 0.000271174 
-686.144 0.000273655 
-682.805 0.000276171 
-679.466 0.000278721 
-676.127 0.000281308 
-672.788 0.00028393 
-669.449 0.000286589 
-666.11 0.000289286 
-662.771 0.000292021 
-659.432 0.000294795 
-656.094 0.000297609 
-652.755 0.000300464 
-649.416 0.000303359 
-646.077 0.000306297 
-642.738 0.000309278 
-639.399 0.000312303 
-636.06 0.000315372 
-632.721 0.000318487 
-629.382 0.000321648 
-626.043 0.000324857 
-622.705 0.000328114 
-619.366 0.00033142 
-616.027 0.000334777 
-612.688 0.000338185 
-609.349 0.000341645 
-606.01 0.000345159 
-602.671 0.000348727 
-599.332 0.000352351 
-595.993 0.000356032 
-592.654 0.000359771 
-589.316 0.00036357 
-585.977 0.000367428 
-582.638 0.000371349 
-579.299 0.000375333 
-575.96 0.000379381 
-572.621 0.000383495 
-569.282 0.000387677 
-565.943 0.000391928 
-562.604 0.000396249 
-559.265 0.000400642 
-555.927 0.000405108 
-552.588 0.00040965 
-549.249 0.000414268 
-545.91 0.000418966 
-542.571 0.000423743 
-539.232 0.000428603 
-535.893 0.000433548 
-532.554 0.000438578 
-529.215 0.000443697 
-525.876 0.000448905 
-522.538 0.000454207 
-519.199 0.000459602 
-515.86 0.000465095 
-512.521 0.000470687 
-509.182 0.00047638 
-505.843 0.000482178 
-502.504 0.000488082 
-499.165 0.000494095 
-495.826 0.000500221 
-492.487 0.000506461 
-489.149 0.000512819 
-485.81 0.000519297 
-482.471 0.000525899 
-479.132 0.000532628 
-475.793 0.000539487 
-472.454 0.00054648 
-469.115 0.000553609 
-465.776 0.00056088 
-462.437 0.000568294 
-459.099 0.000575857 
-455.76 0.000583572 
-452.421 0.000591444 
-449.082 0.000599476 
-445.743 0.000607672 
-442.404 0.000616039 
-439.065 0.000624579 
-435.726 0.000633299 
-432.387 0.000642202 
-429.048 0.000651295 
-425.71 0.000660583 
-422.371 0.000670071 
-419.032 0.000679766 
-415.693 0.000689672 
-412.354 0.000699797 
-409.015 0.000710147 
-405.676 0.000720729 
-402.337 0.000731549 
-398.998 0.000742615 
-395.659 0.000753934 
-392.321 0.000765514 
-388.982 0.000777364 
-385.643 0.000789491 
-382.304 0.000801905 
-378.965 0.000814614 
-375.626 0.000827628 
-372.287 0.000840957 
-368.948 0.00085461 
-365.609 0.0008686 
-362.27 0.000882936 
-358.932 0.000897631 
-355.593 0.000912696 
-352.254 0.000928144 
-348.915 0.000943989 
-345.576 0.000960243 
-342.237 0.000976921 
-338.898 0.000994038 
-335.559 0.00101161 
-332.22 0.00102965 
-328.881 0.00104818 
-325.543 0.00106722 
-322.204 0.00108678 
-318.865 0.00110688 
-315.526 0.00112754 
-312.187 0.0011488 
-308.848 0.00117066 
-305.509 0.00119314 
-302.17 0.00121629 
-298.831 0.00124012 
-295.492 0.00126465 
-292.154 0.00128992 
-288.815 0.00131596 
-285.476 0.00134279 
-282.137 0.00137046 
-278.798 0.00139899 
-275.459 0.00142842 
-272.12 0.00145879 
-268.781 0.00149014 
-265.442 0.00152252 
-262.104 0.00155596 
-258.765 0.00159052 
-255.426 0.00162625 
-252.087 0.0016632 
-248.748 0.00170142 
-245.409 0.00174097 
-242.07 0.00178193 
-238.731 0.00182435 
-235.392 0.0018683 
-232.053 0.00191387 
-228.715 0.00196113 
-225.376 0.00201016 
-222.037 0.00206106 
-218.698 0.00211391 
-215.359 0.00216884 
-212.02 0.00222593 
-208.681 0.00228532 
-205.342 0.00234712 
-202.003 0.00241146 
-198.664 0.0024785 
-195.326 0.00254837 
-191.987 0.00262125 
-188.648 0.0026973 
-185.309 0.00277673 
-181.97 0.00285972 
-178.631 0.0029465 
-175.292 0.0030373 
-171.953 0.00313237 
-168.614 0.00323198 
-165.275 0.00333644 
-161.937 0.00344607 
-158.598 0.00356119 
-155.259 0.00368221 
-151.92 0.00380951 
-148.581 0.00394356 
-145.242 0.00408482 
-141.903 0.00423385 
-138.564 0.0043912 
-135.225 0.00455753 
-131.886 0.00473352 
-128.548 0.00491994 
-125.209 0.00511764 
-121.87 0.00532754 
-118.531 0.00555069 
-115.192 0.00578821 
-111.853 0.00604138 
-108.514 0.00631161 
-105.175 0.00660048 
-101.836 0.00690974 
-98.4975 0.00724137 
-95.1586 0.00759759 
-91.8197 0.00798092 
-88.4808 0.00839418 
-85.1419 0.0088406 
-81.803 0.00932384 
-78.4641 0.0098481 
-75.1252 0.0104182 
-71.7863 0.0110397 
-68.4474 0.0117189 
-65.1085 0.0124634 
-61.7696 0.0132819 
-58.4307 0.0141845 
-55.0918 0.0151834 
-51.7529 0.0162929 
-48.414 0.0175302 
-45.0751 0.0189159 
-41.7362 0.0204752 
-38.3973 0.0222387 
-35.0584 0.0242444 
-31.7195 0.0265396 
-28.3806 0.029184 
-25.0417 0.032254 
-21.7028 0.0358484 
-18.3639 0.0400976 
-15.025 0.0451764 
-11.6861 0.0513243 
-8.34725 0.058878 
-5.00835 0.0683247 
-1.66945 0.0803963 
1.66945 0.0962436 
5.00835 0.117788 
8.34725 0.148508 
11.6861 0.195515 
15.025 0.276557 
18.3639 0.460003 
21.7028 0.871594 
25.0417 0.900855 
28.3806 0.902482 
31.7195 0.898562 
35.0584 0.892147 
38.3973 0.88399 
41.7362 0.874194 
45.0751 0.86254 
48.414 0.848514 
51.7529 0.831196 
55.0918 0.808931 
58.4307 0.778489 
61.7696 0.732638 
65.1085 0.651907 
68.4474 0.492758 
71.7863 0.321226 
75.1252 0.223421 
78.4641 0.166748 
81.803 0.13044 
85.1419 0.105437 
88.4808 0.087318 
91.8197 0.0736843 
95.1586 0.0631228 
98.4975 0.0547494 
101.836 0.0479835 
105.175 0.0424291 
108.514 0.0378073 
111.853 0.0339165 
115.192 0.0306075 
118.531 0.0277682 
121.87 0.0253122 
125.209 0.0231728 
128.548 0.021297 
131.886 0.0196427 
135.225 0.0181761 
138.564 0.0168694 
141.903 0.0157001 
145.242 0.0146493 
148.581 0.0137015 
151.92 0.0128435 
155.259 0.0120642 
158.598 0.0113542 
161.937 0.0107055 
165.275 0.0101112 
168.614 0.00956529 
171.953 0.00906269 
175.292 0.00859889 
178.631 0.00816998 
181.97 0.00777252 
185.309 0.00740351 
188.648 0.00706027 
191.987 0.00674046 
195.326 0.00644197 
198.664 0.00616296 
202.003 0.00590175 
205.342 0.00565685 
208.681 0.00542694 
212.02 0.0052108 
215.359 0.00500736 
218.698 0.00481564 
222.037 0.00463476 
225.376 0.0044639 
228.715 0.00430234 
232.053 0.00414941 
235.392 0.00400452 
238.731 0.0038671 
242.07 0.00373665 
245.409 0.0036127 
248.748 0.00349483 
252.087 0.00338265 
255.426 0.00327579 
258.765 0.00317393 
262.104 0.00307675 
265.442 0.00298397 
268.781 0.00289534 
272.12 0.0028106 
275.459 0.00272953 
278.798 0.00265192 
282.137 0.00257759 
285.476 0.00250633 
288.815 0.002438 
292.154 0.00237243 
295.492 0.00230946 
298.831 0.00224898 
302.17 0.00219084 
305.509 0.00213493 
308.848 0.00208114 
312.187 0.00202935 
315.526 0.00197948 
318.865 0.00193142 
322.204 0.0018851 
325.543 0.00184042 
328.881 0.00179731 
332.22 0.0017557 
335.559 0.00171552 
338.898 0.0016767 
342.237 0.00163919 
345.576 0.00160293 
348.915 0.00156785 
352.254 0.00153391 
355.593 0.00150107 
358.932 0.00146927 
362.27 0.00143846 
365.609 0.00140862 
368.948 0.0013797 
372.287 0.00135166 
375.626 0.00132446 
378.965 0.00129808 
382.304 0.00127248 
385.643 0.00124763 
388.982 0.0012235 
392.321 0.00120006 
395.659 0.00117729 
398.998 0.00115517 
402.337 0.00113366 
405.676 0.00111274 
409.015 0.0010924 
412.354 0.00107262 
415.693 0.00105336 
419.032 0.00103462 
422.371 0.00101638 
425.71 0.000998608 
429.048 0.000981303 
432.387 0.000964444 
435.726 0.000948016 
439.065 0.000932003 
442.404 0.000916393 
445.743 0.000901172 
449.082 0.000886327 
452.421 0.000871846 
455.76 0.000857717 
459.099 0.000843928 
462.437 0.000830469 
465.776 0.00081733 
469.115 0.0008045 
472.454 0.000791969 
475.793 0.000779729 
479.132 0.00076777 
482.471 0.000756085 
485.81 0.000744664 
489.149 0.0007335 
492.487 0.000722585 
495.826 0.000711911 
499.165 0.000701473 
502.504 0.000691262 
505.843 0.000681272 
509.182 0.000671498 
512.521 0.000661932 
515.86 0.000652569 
519.199 0.000643403 
522.538 0.000634429 
525.876 0.000625641 
529.215 0.000617035 
532.554 0.000608605 
535.893 0.000600346 
539.232 0.000592254 
542.571 0.000584325 
545.91 0.000576554 
549.249 0.000568936 
552.588 0.000561469 
555.927 0.000554147 
559.265 0.000546968 
562.604 0.000539927 
565.943 0.000533022 
569.282 0.000526247 
572.621 0.000519602 
575.96 0.000513081 
579.299 0.000506682 
582.638 0.000500402 
585.977 0.000494238 
589.316 0.000488187 
592.654 0.000482246 
595.993 0.000476413 
599.332 0.000470685 
602.671 0.00046506 
606.01 0.000459535 
609.349 0.000454108 
612.688 0.000448776 
616.027 0.000443538 
619.366 0.000438391 
622.705 0.000433333 
626.043 0.000428361 
629.382 0.000423475 
632.721 0.000418672 
636.06 0.00041395 
639.399 0.000409307 
642.738 0.000404742 
646.077 0.000400253 
649.416 0.000395838 
652.755 0.000391496 
656.094 0.000387224 
659.432 0.000383023 
662.771 0.000378889 
666.11 0.000374821 
669.449 0.000370819 
672.788 0.00036688 
676.127 0.000363004 
679.466 0.000359189 
682.805 0.000355434 
686.144 0.000351737 
689.482 0.000348097 
692.821 0.000344514 
696.16 0.000340985 
699.499 0.000337511 
702.838 0.000334089 
706.177 0.000330719 
709.516 0.0003274 
712.855 0.00032413 
716.194 0.000320909 
719.533 0.000317736 
722.871 0.00031461 
726.21 0.000311529 
729.549 0.000308494 
732.888 0.000305502 
736.227 0.000302554 
739.566 0.000299648 
742.905 0.000296784 
746.244 0.000293961 
749.583 0.000291177 
752.922 0.000288433 
756.26 0.000285728 
759.599 0.00028306 
762.938 0.00028043 
766.277 0.000277836 
769.616 0.000275278 
772.955 0.000272755 
776.294 0.000270266 
779.633 0.000267811 
782.972 0.00026539 
786.311 0.000263001 
789.649 0.000260645 
792.988 0.000258319 
796.327 0.000256025 
799.666 0.000253761 
803.005 0.000251527 
806.344 0.000249322 
809.683 0.000247147 
813.022 0.000244999 
816.361 0.000242879 
819.7 0.000240787 
823.038 0.000238722 
826.377 0.000236683 
829.716 0.00023467 
833.055 0.000232682 
836.394 0.00023072 
839.733 0.000228782 
843.072 0.000226869 
846.411 0.000224979 
849.75 0.000223113 
853.089 0.00022127 
856.427 0.00021945 
859.766 0.000217652 
863.105 0.000215876 
866.444 0.000214122 
869.783 0.000212388 
873.122 0.000210676 
876.461 0.000208985 
879.8 0.000207314 
883.139 0.000205662 
886.477 0.000204031 
889.816 0.000202418 
893.155 0.000200825 
896.494 0.00019925 
899.833 0.000197694 
903.172 0.000196156 
906.511 0.000194636 
909.85 0.000193133 
913.189 0.000191648 
916.528 0.000190179 
919.866 0.000188728 
923.205 0.000187293 
926.544 0.000185874 
929.883 0.000184471 
933.222 0.000183084 
936.561 0.000181713 
939.9 0.000180357 
943.239 0.000179016 
946.578 0.00017769 
949.917 0.000176379 
953.255 0.000175082 
956.594 0.000173799 
959.933 0.000172531 
963.272 0.000171276 
966.611 0.000170034 
969.95 0.000168807 
973.289 0.000167592 
976.628 0.000166391 
979.967 0.000165202 
983.305 0.000164026 
986.644 0.000162862 
989.983 0.000161711 
993.322 0.000160572 
996.661 0.000159445 
1000 0.00015833 
