-1000 9.59448E-05 
-996.661 9.65636E-05 
-993.322 9.71883E-05 
-989.983 9.78192E-05 
-986.644 9.84562E-05 
-983.305 9.90995E-05 
-979.967 9.97491E-05 
-976.628 0.000100405 
-973.289 0.000101068 
-969.95 0.000101737 
-966.611 0.000102413 
-963.272 0.000103095 
-959.933 0.000103785 
-956.594 0.000104481 
-953.255 0.000105185 
-949.917 0.000105895 
-946.578 0.000106613 
-943.239 0.000107338 
-939.9 0.000108071 
-936.561 0.000108811 
-933.222 0.000109559 
-929.883 0.000110315 
-926.544 0.000111078 
-923.205 0.000111849 
-919.866 0.000112629 
-916.528 0.000113417 
-913.189 0.000114213 
-909.85 0.000115017 
-906.511 0.00011583 
-903.172 0.000116652 
-899.833 0.000117482 
-896.494 0.000118321 
-893.155 0.00011917 
-889.816 0.000120027 
-886.477 0.000120894 
-883.139 0.000121771 
-879.8 0.000122656 
-876.461 0.000123552 
-873.122 0.000124458 
-869.783 0.000125373 
-866.444 0.000126299 
-863.105 0.000127235 
-859.766 0.000128181 
-856.427 0.000129138 
-853.089 0.000130106 
-849.75 0.000131085 
-846.411 0.000132075 
-843.072 0.000133076 
-839.733 0.000134089 
-836.394 0.000135113 
-833.055 0.000136149 
-829.716 0.000137197 
-826.377 0.000138257 
-823.038 0.00013933 
-819.7 0.000140415 
-816.361 0.000141513 
-813.022 0.000142624 
-809.683 0.000143748 
-806.344 0.000144885 
-803.005 0.000146036 
-799.666 0.000147201 
-796.327 0.00014838 
-792.988 0.000149573 
-789.649 0.00015078 
-786.311 0.000152002 
-782.972 0.00015324 
-779.633 0.000154492 
-776.294 0.00015576 
-772.955 0.000157043 
-769.616 0.000158343 
-766.277 0.000159658 
-762.938 0.00016099 
-759.599 0.000162339 
-756.26 0.000163705 
-752.922 0.000165089 
-749.583 0.00016649 
-746.244 0.000167909 
-742.905 0.000169346 
-739.566 0.000170802 
-736.227 0.000172276 
-732.888 0.00017377 
-729.549 0.000175283 
-726.21 0.000176817 
-722.871 0.00017837 
-719.533 0.000179944 
-716.194 0.000181539 
-712.855 0.000183156 
-709.516 0.000184794 
-706.177 0.000186454 
-702.838 0.000188137 
-699.499 0.000189843 
-696.16 0.000191572 
-692.821 0.000193325 
-689.482 0.000195102 
-686.144 0.000196904 
-682.805 0.00019873 
-679.466 0.000200583 
-676.127 0.000202461 
-672.788 0.000204366 
-669.449 0.000206298 
-666.11 0.000208258 
-662.771 0.000210246 
-659.432 0.000212262 
-656.094 0.000214308 
-652.755 0.000216383 
-649.416 0.000218489 
-646.077 0.000220626 
-642.738 0.000222794 
-639.399 0.000224994 
-636.06 0.000227227 
-632.721 0.000229494 
-629.382 0.000231795 
-626.043 0.00023413 
-622.705 0.000236502 
-619.366 0.000238909 
-616.027 0.000241353 
-612.688 0.000243836 
-609.349 0.000246356 
-606.01 0.000248917 
-602.671 0.000251517 
-599.332 0.000254158 
-595.993 0.000256841 
-592.654 0.000259567 
-589.316 0.000262337 
-585.977 0.000265151 
-582.638 0.000268011 
-579.299 0.000270918 
-575.96 0.000273872 
-572.621 0.000276875 
-569.282 0.000279927 
-565.943 0.000283031 
-562.604 0.000286186 
-559.265 0.000289395 
-555.927 0.000292657 
-552.588 0.000295976 
-549.249 0.000299351 
-545.91 0.000302784 
-542.571 0.000306277 
-539.232 0.000309831 
-535.893 0.000313447 
-532.554 0.000317127 
-529.215 0.000320872 
-525.876 0.000324684 
-522.538 0.000328565 
-519.199 0.000332515 
-515.86 0.000336537 
-512.521 0.000340633 
-509.182 0.000344804 
-505.843 0.000349053 
-502.504 0.00035338 
-499.165 0.000357789 
-495.826 0.00036228 
-492.487 0.000366857 
-489.149 0.000371522 
-485.81 0.000376276 
-482.471 0.000381122 
-479.132 0.000386062 
-475.793 0.000391099 
-472.454 0.000396236 
-469.115 0.000401474 
-465.776 0.000406817 
-462.437 0.000412268 
-459.099 0.000417829 
-455.76 0.000423504 
-452.421 0.000429295 
-449.082 0.000435206 
-445.743 0.00044124 
-442.404 0.000447401 
-439.065 0.000453692 
-435.726 0.000460116 
-432.387 0.000466678 
-429.048 0.000473382 
-425.71 0.000480231 
-422.371 0.000487231 
-419.032 0.000494384 
-415.693 0.000501697 
-412.354 0.000509173 
-409.015 0.000516818 
-405.676 0.000524637 
-402.337 0.000532634 
-398.998 0.000540817 
-395.659 0.000549189 
-392.321 0.000557758 
-388.982 0.000566528 
-385.643 0.000575508 
-382.304 0.000584704 
-378.965 0.000594121 
-375.626 0.000603769 
-372.287 0.000613653 
-368.948 0.000623783 
-365.609 0.000634166 
-362.27 0.00064481 
-358.932 0.000655726 
-355.593 0.000666921 
-352.254 0.000678406 
-348.915 0.00069019 
-345.576 0.000702285 
-342.237 0.0007147 
-338.898 0.000727449 
-335.559 0.000740542 
-332.22 0.000753992 
-328.881 0.000767812 
-325.543 0.000782016 
-322.204 0.000796619 
-318.865 0.000811635 
-315.526 0.000827081 
-312.187 0.000842972 
-308.848 0.000859326 
-305.509 0.000876161 
-302.17 0.000893497 
-298.831 0.000911353 
-295.492 0.000929751 
-292.154 0.000948711 
-288.815 0.000968259 
-285.476 0.000988418 
-282.137 0.00100921 
-278.798 0.00103067 
-275.459 0.00105283 
-272.12 0.0010757 
-268.781 0.00109934 
-265.442 0.00112375 
-262.104 0.001149 
-258.765 0.0011751 
-255.426 0.00120211 
-252.087 0.00123006 
-248.748 0.001259 
-245.409 0.00128897 
-242.07 0.00132002 
-238.731 0.00135222 
-235.392 0.00138561 
-232.053 0.00142025 
-228.715 0.00145621 
-225.376 0.00149356 
-222.037 0.00153236 
-218.698 0.0015727 
-215.359 0.00161465 
-212.02 0.00165831 
-208.681 0.00170377 
-205.342 0.00175112 
-202.003 0.00180049 
-198.664 0.00185197 
-195.326 0.00190569 
-191.987 0.0019618 
-188.648 0.00202042 
-185.309 0.00208171 
-181.97 0.00214584 
-178.631 0.00221299 
-175.292 0.00228335 
-171.953 0.00235712 
-168.614 0.00243454 
-165.275 0.00251584 
-161.937 0.00260129 
-158.598 0.00269118 
-155.259 0.00278582 
-151.92 0.00288555 
-148.581 0.00299075 
-145.242 0.00310183 
-141.903 0.00321923 
-138.564 0.00334344 
-135.225 0.003475 
-131.886 0.0036145 
-128.548 0.0037626 
-125.209 0.00392002 
-121.87 0.00408756 
-118.531 0.00426611 
-115.192 0.00445666 
-111.853 0.00466032 
-108.514 0.00487832 
-105.175 0.00511203 
-101.836 0.00536303 
-98.4975 0.00563305 
-95.1586 0.00592408 
-91.8197 0.00623836 
-88.4808 0.00657846 
-85.1419 0.0069473 
-81.803 0.00734822 
-78.4641 0.00778507 
-75.1252 0.0082623 
-71.7863 0.00878509 
-68.4474 0.00935945 
-65.1085 0.00999246 
-61.7696 0.0106924 
-58.4307 0.0114693 
-55.0918 0.0123347 
-51.7529 0.0133028 
-48.414 0.0143909 
-45.0751 0.0156196 
-41.7362 0.0170147 
-38.3973 0.018608 
-35.0584 0.0204394 
-31.7195 0.0225599 
-28.3806 0.0250345 
-25.0417 0.0279486 
-21.7028 0.0314151 
-18.3639 0.0355869 
-15.025 0.0406754 
-11.6861 0.0469799 
-8.34725 0.0549387 
-5.00835 0.0652166 
-1.66945 0.0788713 
1.66945 0.0976903 
5.00835 0.124954 
8.34725 0.167459 
11.6861 0.242385 
15.025 0.416626 
18.3639 0.903522 
21.7028 0.925492 
25.0417 0.924868 
28.3806 0.919967 
31.7195 0.912908 
35.0584 0.904018 
38.3973 0.893028 
41.7362 0.879177 
45.0751 0.860925 
48.414 0.834979 
51.7529 0.792847 
55.0918 0.703412 
58.4307 0.460864 
61.7696 0.269685 
65.1085 0.182751 
68.4474 0.134527 
71.7863 0.104158 
75.1252 0.0834804 
78.4641 0.0686334 
81.803 0.0575498 
85.1419 0.0490244 
88.4808 0.0423082 
91.8197 0.036913 
95.1586 0.0325072 
98.4975 0.028859 
101.836 0.0258016 
105.175 0.0232122 
108.514 0.0209988 
111.853 0.0190911 
115.192 0.0174348 
118.531 0.0159871 
121.87 0.0147141 
125.209 0.0135885 
128.548 0.0125883 
131.886 0.0116954 
135.225 0.0108949 
138.564 0.0101743 
141.903 0.00952331 
145.242 0.00893319 
148.581 0.00839656 
151.92 0.00790709 
155.259 0.0074594 
158.598 0.00704884 
161.937 0.00667139 
165.275 0.00632359 
168.614 0.00600239 
171.953 0.00570513 
175.292 0.00542949 
178.631 0.00517342 
181.97 0.00493509 
185.309 0.00471291 
188.648 0.00450543 
191.987 0.0043114 
195.326 0.00412966 
198.664 0.0039592 
202.003 0.00379911 
205.342 0.00364855 
208.681 0.00350679 
212.02 0.00337314 
215.359 0.003247 
218.698 0.00312782 
222.037 0.0030151 
225.376 0.00290837 
228.715 0.00280721 
232.053 0.00271125 
235.392 0.00262014 
238.731 0.00253354 
242.07 0.00245118 
245.409 0.00237277 
248.748 0.00229807 
252.087 0.00222684 
255.426 0.00215888 
258.765 0.00209398 
262.104 0.00203198 
265.442 0.00197268 
268.781 0.00191595 
272.12 0.00186163 
275.459 0.00180959 
278.798 0.00175971 
282.137 0.00171185 
285.476 0.00166593 
288.815 0.00162183 
292.154 0.00157946 
295.492 0.00153873 
298.831 0.00149956 
302.17 0.00146186 
305.509 0.00142557 
308.848 0.00139061 
312.187 0.00135693 
315.526 0.00132445 
318.865 0.00129313 
322.204 0.0012629 
325.543 0.00123372 
328.881 0.00120555 
332.22 0.00117832 
335.559 0.00115201 
338.898 0.00112657 
342.237 0.00110196 
345.576 0.00107816 
348.915 0.00105511 
352.254 0.0010328 
355.593 0.00101118 
358.932 0.00099024 
362.27 0.000969941 
365.609 0.000950261 
368.948 0.000931173 
372.287 0.000912654 
375.626 0.000894683 
378.965 0.000877237 
382.304 0.000860296 
385.643 0.000843842 
388.982 0.000827854 
392.321 0.000812317 
395.659 0.000797213 
398.998 0.000782526 
402.337 0.000768242 
405.676 0.000754345 
409.015 0.000740821 
412.354 0.000727658 
415.693 0.000714842 
419.032 0.000702362 
422.371 0.000690206 
425.71 0.000678362 
429.048 0.000666821 
432.387 0.000655572 
435.726 0.000644604 
439.065 0.00063391 
442.404 0.000623479 
445.743 0.000613304 
449.082 0.000603376 
452.421 0.000593686 
455.76 0.000584228 
459.099 0.000574994 
462.437 0.000565978 
465.776 0.000557171 
469.115 0.000548569 
472.454 0.000540164 
475.793 0.00053195 
479.132 0.000523923 
482.471 0.000516075 
485.81 0.000508403 
489.149 0.0005009 
492.487 0.000493562 
495.826 0.000486384 
499.165 0.000479362 
502.504 0.00047249 
505.843 0.000465765 
509.182 0.000459182 
512.521 0.000452738 
515.86 0.000446428 
519.199 0.00044025 
522.538 0.000434198 
525.876 0.000428271 
529.215 0.000422464 
532.554 0.000416774 
535.893 0.000411198 
539.232 0.000405733 
542.571 0.000400377 
545.91 0.000395125 
549.249 0.000389977 
552.588 0.000384928 
555.927 0.000379976 
559.265 0.00037512 
562.604 0.000370356 
565.943 0.000365681 
569.282 0.000361095 
572.621 0.000356595 
575.96 0.000352178 
579.299 0.000347842 
582.638 0.000343586 
585.977 0.000339408 
589.316 0.000335305 
592.654 0.000331276 
595.993 0.000327319 
599.332 0.000323433 
602.671 0.000319615 
606.01 0.000315864 
609.349 0.000312179 
612.688 0.000308559 
616.027 0.000305 
619.366 0.000301503 
622.705 0.000298066 
626.043 0.000294686 
629.382 0.000291364 
632.721 0.000288098 
636.06 0.000284887 
639.399 0.000281728 
642.738 0.000278622 
646.077 0.000275567 
649.416 0.000272562 
652.755 0.000269606 
656.094 0.000266697 
659.432 0.000263835 
662.771 0.000261019 
666.11 0.000258248 
669.449 0.000255521 
672.788 0.000252836 
676.127 0.000250194 
679.466 0.000247592 
682.805 0.000245031 
686.144 0.00024251 
689.482 0.000240027 
692.821 0.000237582 
696.16 0.000235175 
699.499 0.000232803 
702.838 0.000230467 
706.177 0.000228166 
709.516 0.0002259 
712.855 0.000223667 
716.194 0.000221467 
719.533 0.000219299 
722.871 0.000217163 
726.21 0.000215057 
729.549 0.000212983 
732.888 0.000210938 
736.227 0.000208922 
739.566 0.000206935 
742.905 0.000204976 
746.244 0.000203045 
749.583 0.000201141 
752.922 0.000199264 
756.26 0.000197412 
759.599 0.000195587 
762.938 0.000193786 
766.277 0.000192011 
769.616 0.000190259 
772.955 0.000188531 
776.294 0.000186827 
779.633 0.000185146 
782.972 0.000183487 
786.311 0.000181851 
789.649 0.000180236 
792.988 0.000178642 
796.327 0.00017707 
799.666 0.000175518 
803.005 0.000173987 
806.344 0.000172475 
809.683 0.000170983 
813.022 0.00016951 
816.361 0.000168056 
819.7 0.000166621 
823.038 0.000165204 
826.377 0.000163805 
829.716 0.000162424 
833.055 0.00016106 
836.394 0.000159713 
839.733 0.000158383 
843.072 0.00015707 
846.411 0.000155772 
849.75 0.000154491 
853.089 0.000153225 
856.427 0.000151975 
859.766 0.00015074 
863.105 0.00014952 
866.444 0.000148315 
869.783 0.000147124 
873.122 0.000145948 
876.461 0.000144785 
879.8 0.000143637 
883.139 0.000142502 
886.477 0.00014138 
889.816 0.000140272 
893.155 0.000139176 
896.494 0.000138093 
899.833 0.000137023 
903.172 0.000135965 
906.511 0.000134919 
909.85 0.000133886 
913.189 0.000132864 
916.528 0.000131854 
919.866 0.000130855 
923.205 0.000129868 
926.544 0.000128891 
929.883 0.000127926 
933.222 0.000126971 
936.561 0.000126027 
939.9 0.000125094 
943.239 0.00012417 
946.578 0.000123257 
949.917 0.000122354 
953.255 0.000121461 
956.594 0.000120578 
959.933 0.000119704 
963.272 0.000118839 
966.611 0.000117984 
969.95 0.000117138 
973.289 0.000116302 
976.628 0.000115474 
979.967 0.000114654 
983.305 0.000113844 
986.644 0.000113042 
989.983 0.000112248 
993.322 0.000111463 
996.661 0.000110686 
1000 0.000109917 
