-1000 6.77663E-05 
-996.661 6.82033E-05 
-993.322 6.86445E-05 
-989.983 6.909E-05 
-986.644 6.954E-05 
-983.305 6.99943E-05 
-979.967 7.04531E-05 
-976.628 7.09164E-05 
-973.289 7.13844E-05 
-969.95 7.18569E-05 
-966.611 7.23343E-05 
-963.272 7.28164E-05 
-959.933 7.33033E-05 
-956.594 7.37951E-05 
-953.255 7.4292E-05 
-949.917 7.47938E-05 
-946.578 7.53008E-05 
-943.239 7.5813E-05 
-939.9 7.63304E-05 
-936.561 7.68532E-05 
-933.222 7.73814E-05 
-929.883 7.7915E-05 
-926.544 7.84542E-05 
-923.205 7.8999E-05 
-919.866 7.95495E-05 
-916.528 8.01058E-05 
-913.189 8.0668E-05 
-909.85 8.12361E-05 
-906.511 8.18103E-05 
-903.172 8.23906E-05 
-899.833 8.2977E-05 
-896.494 8.35698E-05 
-893.155 8.4169E-05 
-889.816 8.47747E-05 
-886.477 8.53869E-05 
-883.139 8.60058E-05 
-879.8 8.66315E-05 
-876.461 8.7264E-05 
-873.122 8.79035E-05 
-869.783 8.85501E-05 
-866.444 8.92039E-05 
-863.105 8.98649E-05 
-859.766 9.05333E-05 
-856.427 9.12092E-05 
-853.089 9.18928E-05 
-849.75 9.2584E-05 
-846.411 9.32831E-05 
-843.072 9.39902E-05 
-839.733 9.47054E-05 
-836.394 9.54287E-05 
-833.055 9.61605E-05 
-829.716 9.69006E-05 
-826.377 9.76494E-05 
-823.038 9.84069E-05 
-819.7 9.91733E-05 
-816.361 9.99486E-05 
-813.022 0.000100733 
-809.683 0.000101527 
-806.344 0.00010233 
-803.005 0.000103143 
-799.666 0.000103966 
-796.327 0.000104798 
-792.988 0.000105641 
-789.649 0.000106493 
-786.311 0.000107356 
-782.972 0.00010823 
-779.633 0.000109115 
-776.294 0.00011001 
-772.955 0.000110916 
-769.616 0.000111834 
-766.277 0.000112763 
-762.938 0.000113704 
-759.599 0.000114657 
-756.26 0.000115621 
-752.922 0.000116598 
-749.583 0.000117588 
-746.244 0.00011859 
-742.905 0.000119605 
-739.566 0.000120633 
-736.227 0.000121674 
-732.888 0.000122729 
-729.549 0.000123798 
-726.21 0.000124881 
-722.871 0.000125978 
-719.533 0.000127089 
-716.194 0.000128216 
-712.855 0.000129357 
-709.516 0.000130514 
-706.177 0.000131687 
-702.838 0.000132875 
-699.499 0.00013408 
-696.16 0.000135301 
-692.821 0.000136538 
-689.482 0.000137793 
-686.144 0.000139066 
-682.805 0.000140356 
-679.466 0.000141664 
-676.127 0.00014299 
-672.788 0.000144336 
-669.449 0.0001457 
-666.11 0.000147084 
-662.771 0.000148488 
-659.432 0.000149912 
-656.094 0.000151356 
-652.755 0.000152822 
-649.416 0.000154309 
-646.077 0.000155817 
-642.738 0.000157349 
-639.399 0.000158902 
-636.06 0.000160479 
-632.721 0.00016208 
-629.382 0.000163705 
-626.043 0.000165354 
-622.705 0.000167028 
-619.366 0.000168728 
-616.027 0.000170455 
-612.688 0.000172207 
-609.349 0.000173987 
-606.01 0.000175795 
-602.671 0.000177631 
-599.332 0.000179496 
-595.993 0.000181391 
-592.654 0.000183316 
-589.316 0.000185272 
-585.977 0.000187259 
-582.638 0.000189279 
-579.299 0.000191331 
-575.96 0.000193417 
-572.621 0.000195537 
-569.282 0.000197693 
-565.943 0.000199884 
-562.604 0.000202112 
-559.265 0.000204378 
-555.927 0.000206681 
-552.588 0.000209025 
-549.249 0.000211408 
-545.91 0.000213832 
-542.571 0.000216298 
-539.232 0.000218808 
-535.893 0.000221361 
-532.554 0.000223959 
-529.215 0.000226604 
-525.876 0.000229295 
-522.538 0.000232035 
-519.199 0.000234824 
-515.86 0.000237664 
-512.521 0.000240556 
-509.182 0.000243501 
-505.843 0.000246501 
-502.504 0.000249556 
-499.165 0.000252669 
-495.826 0.00025584 
-492.487 0.000259072 
-489.149 0.000262365 
-485.81 0.000265722 
-482.471 0.000269143 
-479.132 0.000272631 
-475.793 0.000276187 
-472.454 0.000279814 
-469.115 0.000283512 
-465.776 0.000287285 
-462.437 0.000291133 
-459.099 0.000295059 
-455.76 0.000299065 
-452.421 0.000303154 
-449.082 0.000307327 
-445.743 0.000311587 
-442.404 0.000315936 
-439.065 0.000320377 
-435.726 0.000324913 
-432.387 0.000329545 
-429.048 0.000334278 
-425.71 0.000339113 
-422.371 0.000344054 
-419.032 0.000349104 
-415.693 0.000354267 
-412.354 0.000359544 
-409.015 0.000364941 
-405.676 0.00037046 
-402.337 0.000376106 
-398.998 0.000381882 
-395.659 0.000387792 
-392.321 0.00039384 
-388.982 0.000400031 
-385.643 0.00040637 
-382.304 0.00041286 
-378.965 0.000419508 
-375.626 0.000426318 
-372.287 0.000433295 
-368.948 0.000440444 
-365.609 0.000447773 
-362.27 0.000455286 
-358.932 0.00046299 
-355.593 0.000470892 
-352.254 0.000478998 
-348.915 0.000487315 
-345.576 0.000495851 
-342.237 0.000504613 
-338.898 0.00051361 
-335.559 0.00052285 
-332.22 0.000532342 
-328.881 0.000542096 
-325.543 0.00055212 
-322.204 0.000562425 
-318.865 0.000573021 
-315.526 0.000583921 
-312.187 0.000595134 
-308.848 0.000606674 
-305.509 0.000618554 
-302.17 0.000630786 
-298.831 0.000643385 
-295.492 0.000656366 
-292.154 0.000669744 
-288.815 0.000683536 
-285.476 0.000697759 
-282.137 0.000712431 
-278.798 0.000727572 
-275.459 0.0007432 
-272.12 0.000759338 
-268.781 0.000776009 
-265.442 0.000793235 
-262.104 0.000811042 
-258.765 0.000829456 
-255.426 0.000848505 
-252.087 0.000868219 
-248.748 0.000888628 
-245.409 0.000909767 
-242.07 0.00093167 
-238.731 0.000954375 
-235.392 0.000977921 
-232.053 0.00100235 
-228.715 0.00102771 
-225.376 0.00105404 
-222.037 0.0010814 
-218.698 0.00110984 
-215.359 0.00113942 
-212.02 0.0011702 
-208.681 0.00120225 
-205.342 0.00123563 
-202.003 0.00127042 
-198.664 0.00130671 
-195.326 0.00134457 
-191.987 0.00138411 
-188.648 0.00142542 
-185.309 0.00146861 
-181.97 0.0015138 
-178.631 0.00156111 
-175.292 0.00161067 
-171.953 0.00166264 
-168.614 0.00171717 
-165.275 0.00177442 
-161.937 0.0018346 
-158.598 0.0018979 
-155.259 0.00196453 
-151.92 0.00203474 
-148.581 0.0021088 
-145.242 0.00218697 
-141.903 0.00226959 
-138.564 0.00235699 
-135.225 0.00244954 
-131.886 0.00254767 
-128.548 0.00265182 
-125.209 0.00276251 
-121.87 0.0028803 
-118.531 0.0030058 
-115.192 0.00313971 
-111.853 0.00328279 
-108.514 0.00343591 
-105.175 0.00360002 
-101.836 0.00377622 
-98.4975 0.00396571 
-95.1586 0.00416988 
-91.8197 0.00439029 
-88.4808 0.00462871 
-85.1419 0.00488716 
-81.803 0.00516797 
-78.4641 0.00547379 
-75.1252 0.00580769 
-71.7863 0.00617326 
-68.4474 0.00657463 
-65.1085 0.00701666 
-61.7696 0.00750506 
-58.4307 0.00804659 
-55.0918 0.0086493 
-51.7529 0.00932283 
-48.414 0.0100788 
-45.0751 0.0109313 
-41.7362 0.0118977 
-38.3973 0.0129995 
-35.0584 0.0142632 
-31.7195 0.0157229 
-28.3806 0.0174216 
-25.0417 0.0194152 
-21.7028 0.0217775 
-18.3639 0.0246068 
-15.025 0.0280377 
-11.6861 0.0322579 
-8.34725 0.0375366 
-5.00835 0.0442724 
-1.66945 0.0530792 
1.66945 0.0649486 
5.00835 0.0815875 
8.34725 0.106195 
11.6861 0.145565 
15.025 0.217436 
18.3639 0.394089 
21.7028 0.866617 
25.0417 0.899183 
28.3806 0.900778 
31.7195 0.895605 
35.0584 0.886621 
38.3973 0.874 
41.7362 0.856575 
45.0751 0.83125 
48.414 0.789723 
51.7529 0.701122 
55.0918 0.446068 
58.4307 0.245281 
61.7696 0.160295 
65.1085 0.115088 
68.4474 0.0874389 
71.7863 0.0690328 
75.1252 0.0560556 
78.4641 0.0465147 
81.803 0.0392708 
85.1419 0.0336283 
88.4808 0.0291402 
91.8197 0.0255073 
95.1586 0.0225226 
98.4975 0.0200389 
101.836 0.0179487 
105.175 0.0161724 
108.514 0.0146496 
111.853 0.0133339 
115.192 0.012189 
118.531 0.0111865 
121.87 0.0103036 
125.209 0.00952174 
128.548 0.0088261 
131.886 0.00820438 
135.225 0.0076464 
138.564 0.00714371 
141.903 0.0066892 
145.242 0.00627689 
148.581 0.00590169 
151.92 0.00555926 
155.259 0.00524588 
158.598 0.00495835 
161.937 0.00469389 
165.275 0.00445009 
168.614 0.00422485 
171.953 0.00401632 
175.292 0.0038229 
178.631 0.00364314 
181.97 0.0034758 
185.309 0.00331975 
188.648 0.00317399 
191.987 0.00303764 
195.326 0.00290991 
198.664 0.00279008 
202.003 0.00267751 
205.342 0.00257163 
208.681 0.00247191 
212.02 0.00237789 
215.359 0.00228914 
218.698 0.00220528 
222.037 0.00212594 
225.376 0.00205081 
228.715 0.0019796 
232.053 0.00191204 
235.392 0.00184788 
238.731 0.0017869 
242.07 0.00172889 
245.409 0.00167366 
248.748 0.00162104 
252.087 0.00157087 
255.426 0.00152298 
258.765 0.00147726 
262.104 0.00143357 
265.442 0.00139178 
268.781 0.0013518 
272.12 0.00131352 
275.459 0.00127684 
278.798 0.00124168 
282.137 0.00120795 
285.476 0.00117557 
288.815 0.00114448 
292.154 0.00111461 
295.492 0.0010859 
298.831 0.00105827 
302.17 0.00103169 
305.509 0.0010061 
308.848 0.000981452 
312.187 0.000957696 
315.526 0.000934793 
318.865 0.000912701 
322.204 0.000891383 
325.543 0.000870804 
328.881 0.000850929 
332.22 0.000831727 
335.559 0.000813167 
338.898 0.000795222 
342.237 0.000777864 
345.576 0.000761068 
348.915 0.000744811 
352.254 0.000729068 
355.593 0.00071382 
358.932 0.000699045 
362.27 0.000684723 
365.609 0.000670838 
368.948 0.00065737 
372.287 0.000644304 
375.626 0.000631623 
378.965 0.000619313 
382.304 0.000607359 
385.643 0.000595748 
388.982 0.000584467 
392.321 0.000573503 
395.659 0.000562844 
398.998 0.00055248 
402.337 0.000542399 
405.676 0.000532592 
409.015 0.000523048 
412.354 0.000513758 
415.693 0.000504713 
419.032 0.000495905 
422.371 0.000487326 
425.71 0.000478967 
429.048 0.000470821 
432.387 0.000462881 
435.726 0.000455141 
439.065 0.000447592 
442.404 0.00044023 
445.743 0.000433048 
449.082 0.00042604 
452.421 0.000419201 
455.76 0.000412525 
459.099 0.000406007 
462.437 0.000399643 
465.776 0.000393426 
469.115 0.000387354 
472.454 0.000381421 
475.793 0.000375623 
479.132 0.000369956 
482.471 0.000364417 
485.81 0.000359001 
489.149 0.000353704 
492.487 0.000348524 
495.826 0.000343457 
499.165 0.000338499 
502.504 0.000333648 
505.843 0.000328901 
509.182 0.000324253 
512.521 0.000319704 
515.86 0.00031525 
519.199 0.000310888 
522.538 0.000306616 
525.876 0.000302431 
529.215 0.000298331 
532.554 0.000294314 
535.893 0.000290377 
539.232 0.000286519 
542.571 0.000282738 
545.91 0.00027903 
549.249 0.000275395 
552.588 0.00027183 
555.927 0.000268334 
559.265 0.000264906 
562.604 0.000261542 
565.943 0.000258242 
569.282 0.000255004 
572.621 0.000251826 
575.96 0.000248707 
579.299 0.000245646 
582.638 0.000242641 
585.977 0.000239691 
589.316 0.000236794 
592.654 0.000233949 
595.993 0.000231156 
599.332 0.000228412 
602.671 0.000225716 
606.01 0.000223068 
609.349 0.000220466 
612.688 0.000217909 
616.027 0.000215397 
619.366 0.000212927 
622.705 0.0002105 
626.043 0.000208114 
629.382 0.000205768 
632.721 0.000203462 
636.06 0.000201194 
639.399 0.000198964 
642.738 0.000196771 
646.077 0.000194614 
649.416 0.000192492 
652.755 0.000190404 
656.094 0.00018835 
659.432 0.00018633 
662.771 0.000184341 
666.11 0.000182384 
669.449 0.000180458 
672.788 0.000178563 
676.127 0.000176697 
679.466 0.00017486 
682.805 0.000173052 
686.144 0.000171271 
689.482 0.000169518 
692.821 0.000167792 
696.16 0.000166091 
699.499 0.000164417 
702.838 0.000162767 
706.177 0.000161143 
709.516 0.000159542 
712.855 0.000157965 
716.194 0.000156411 
719.533 0.000154881 
722.871 0.000153372 
726.21 0.000151885 
729.549 0.00015042 
732.888 0.000148976 
736.227 0.000147553 
739.566 0.00014615 
742.905 0.000144766 
746.244 0.000143403 
749.583 0.000142058 
752.922 0.000140732 
756.26 0.000139425 
759.599 0.000138136 
762.938 0.000136864 
766.277 0.00013561 
769.616 0.000134373 
772.955 0.000133153 
776.294 0.00013195 
779.633 0.000130763 
782.972 0.000129591 
786.311 0.000128435 
789.649 0.000127295 
792.988 0.00012617 
796.327 0.000125059 
799.666 0.000123963 
803.005 0.000122882 
806.344 0.000121814 
809.683 0.000120761 
813.022 0.000119721 
816.361 0.000118694 
819.7 0.00011768 
823.038 0.00011668 
826.377 0.000115692 
829.716 0.000114716 
833.055 0.000113753 
836.394 0.000112802 
839.733 0.000111863 
843.072 0.000110935 
846.411 0.000110019 
849.75 0.000109114 
853.089 0.00010822 
856.427 0.000107337 
859.766 0.000106465 
863.105 0.000105604 
866.444 0.000104752 
869.783 0.000103911 
873.122 0.000103081 
876.461 0.00010226 
879.8 0.000101448 
883.139 0.000100647 
886.477 9.98547E-05 
889.816 9.90718E-05 
893.155 9.82981E-05 
896.494 9.75334E-05 
899.833 9.67776E-05 
903.172 9.60305E-05 
906.511 9.52921E-05 
909.85 9.45621E-05 
913.189 9.38404E-05 
916.528 9.31269E-05 
919.866 9.24216E-05 
923.205 9.17242E-05 
926.544 9.10346E-05 
929.883 9.03528E-05 
933.222 8.96786E-05 
936.561 8.90119E-05 
939.9 8.83527E-05 
943.239 8.77006E-05 
946.578 8.70558E-05 
949.917 8.6418E-05 
953.255 8.57873E-05 
956.594 8.51633E-05 
959.933 8.45462E-05 
963.272 8.39357E-05 
966.611 8.33318E-05 
969.95 8.27344E-05 
973.289 8.21433E-05 
976.628 8.15586E-05 
979.967 8.098E-05 
983.305 8.04076E-05 
986.644 7.98413E-05 
989.983 7.92808E-05 
993.322 7.87263E-05 
996.661 7.81775E-05 
1000 7.76345E-05 
