-1000 7.2285E-05 
-996.661 7.27531E-05 
-993.322 7.32259E-05 
-989.983 7.37032E-05 
-986.644 7.41853E-05 
-983.305 7.46721E-05 
-979.967 7.51638E-05 
-976.628 7.56603E-05 
-973.289 7.61618E-05 
-969.95 7.66683E-05 
-966.611 7.71799E-05 
-963.272 7.76966E-05 
-959.933 7.82186E-05 
-956.594 7.87458E-05 
-953.255 7.92784E-05 
-949.917 7.98165E-05 
-946.578 8.036E-05 
-943.239 8.09092E-05 
-939.9 8.1464E-05 
-936.561 8.20245E-05 
-933.222 8.25909E-05 
-929.883 8.31631E-05 
-926.544 8.37414E-05 
-923.205 8.43257E-05 
-919.866 8.49162E-05 
-916.528 8.55129E-05 
-913.189 8.61159E-05 
-909.85 8.67254E-05 
-906.511 8.73413E-05 
-903.172 8.79639E-05 
-899.833 8.85932E-05 
-896.494 8.92292E-05 
-893.155 8.98722E-05 
-889.816 9.05221E-05 
-886.477 9.11791E-05 
-883.139 9.18433E-05 
-879.8 9.25149E-05 
-876.461 9.31938E-05 
-873.122 9.38803E-05 
-869.783 9.45744E-05 
-866.444 9.52762E-05 
-863.105 9.59859E-05 
-859.766 9.67035E-05 
-856.427 9.74293E-05 
-853.089 9.81633E-05 
-849.75 9.89056E-05 
-846.411 9.96564E-05 
-843.072 0.000100416 
-839.733 0.000101184 
-836.394 0.000101961 
-833.055 0.000102747 
-829.716 0.000103542 
-826.377 0.000104347 
-823.038 0.00010516 
-819.7 0.000105984 
-816.361 0.000106817 
-813.022 0.00010766 
-809.683 0.000108513 
-806.344 0.000109377 
-803.005 0.00011025 
-799.666 0.000111135 
-796.327 0.00011203 
-792.988 0.000112935 
-789.649 0.000113852 
-786.311 0.00011478 
-782.972 0.00011572 
-779.633 0.000116671 
-776.294 0.000117634 
-772.955 0.000118609 
-769.616 0.000119596 
-766.277 0.000120595 
-762.938 0.000121608 
-759.599 0.000122633 
-756.26 0.000123671 
-752.922 0.000124722 
-749.583 0.000125787 
-746.244 0.000126865 
-742.905 0.000127957 
-739.566 0.000129064 
-736.227 0.000130185 
-732.888 0.000131321 
-729.549 0.000132472 
-726.21 0.000133638 
-722.871 0.000134819 
-719.533 0.000136016 
-716.194 0.00013723 
-712.855 0.000138459 
-709.516 0.000139705 
-706.177 0.000140969 
-702.838 0.000142249 
-699.499 0.000143547 
-696.16 0.000144863 
-692.821 0.000146197 
-689.482 0.00014755 
-686.144 0.000148921 
-682.805 0.000150312 
-679.466 0.000151722 
-676.127 0.000153153 
-672.788 0.000154603 
-669.449 0.000156075 
-666.11 0.000157567 
-662.771 0.000159082 
-659.432 0.000160618 
-656.094 0.000162176 
-652.755 0.000163758 
-649.416 0.000165362 
-646.077 0.000166991 
-642.738 0.000168643 
-639.399 0.000170321 
-636.06 0.000172023 
-632.721 0.000173752 
-629.382 0.000175506 
-626.043 0.000177287 
-622.705 0.000179096 
-619.366 0.000180932 
-616.027 0.000182797 
-612.688 0.000184691 
-609.349 0.000186615 
-606.01 0.000188568 
-602.671 0.000190553 
-599.332 0.000192569 
-595.993 0.000194618 
-592.654 0.000196699 
-589.316 0.000198814 
-585.977 0.000200963 
-582.638 0.000203148 
-579.299 0.000205368 
-575.96 0.000207625 
-572.621 0.00020992 
-569.282 0.000212253 
-565.943 0.000214625 
-562.604 0.000217037 
-559.265 0.00021949 
-555.927 0.000221984 
-552.588 0.000224522 
-549.249 0.000227104 
-545.91 0.00022973 
-542.571 0.000232402 
-539.232 0.000235122 
-535.893 0.000237889 
-532.554 0.000240706 
-529.215 0.000243573 
-525.876 0.000246491 
-522.538 0.000249463 
-519.199 0.000252488 
-515.86 0.000255569 
-512.521 0.000258707 
-509.182 0.000261904 
-505.843 0.000265159 
-502.504 0.000268476 
-499.165 0.000271856 
-495.826 0.0002753 
-492.487 0.00027881 
-489.149 0.000282388 
-485.81 0.000286035 
-482.471 0.000289754 
-479.132 0.000293545 
-475.793 0.000297412 
-472.454 0.000301355 
-469.115 0.000305378 
-465.776 0.000309481 
-462.437 0.000313669 
-459.099 0.000317941 
-455.76 0.000322302 
-452.421 0.000326754 
-449.082 0.000331298 
-445.743 0.000335938 
-442.404 0.000340676 
-439.065 0.000345516 
-435.726 0.000350459 
-432.387 0.00035551 
-429.048 0.00036067 
-425.71 0.000365944 
-422.371 0.000371335 
-419.032 0.000376845 
-415.693 0.00038248 
-412.354 0.000388242 
-409.015 0.000394135 
-405.676 0.000400164 
-402.337 0.000406332 
-398.998 0.000412645 
-395.659 0.000419105 
-392.321 0.000425719 
-388.982 0.000432491 
-385.643 0.000439426 
-382.304 0.00044653 
-378.965 0.000453807 
-375.626 0.000461264 
-372.287 0.000468906 
-368.948 0.000476741 
-365.609 0.000484773 
-362.27 0.000493011 
-358.932 0.00050146 
-355.593 0.000510129 
-352.254 0.000519025 
-348.915 0.000528157 
-345.576 0.000537531 
-342.237 0.000547158 
-338.898 0.000557046 
-335.559 0.000567205 
-332.22 0.000577644 
-328.881 0.000588375 
-325.543 0.000599409 
-322.204 0.000610756 
-318.865 0.000622428 
-315.526 0.000634439 
-312.187 0.000646802 
-308.848 0.000659529 
-305.509 0.000672637 
-302.17 0.00068614 
-298.831 0.000700054 
-295.492 0.000714397 
-292.154 0.000729185 
-288.815 0.000744438 
-285.476 0.000760175 
-282.137 0.000776417 
-278.798 0.000793186 
-275.459 0.000810505 
-272.12 0.000828399 
-268.781 0.000846892 
-265.442 0.000866012 
-262.104 0.000885789 
-258.765 0.000906251 
-255.426 0.000927432 
-252.087 0.000949365 
-248.748 0.000972086 
-245.409 0.000995634 
-242.07 0.00102005 
-238.731 0.00104538 
-235.392 0.00107166 
-232.053 0.00109895 
-228.715 0.00112729 
-225.376 0.00115675 
-222.037 0.00118738 
-218.698 0.00121924 
-215.359 0.00125241 
-212.02 0.00128695 
-208.681 0.00132294 
-205.342 0.00136046 
-202.003 0.00139961 
-198.664 0.00144047 
-195.326 0.00148316 
-191.987 0.00152777 
-188.648 0.00157442 
-185.309 0.00162326 
-181.97 0.0016744 
-178.631 0.001728 
-175.292 0.00178423 
-171.953 0.00184325 
-168.614 0.00190525 
-165.275 0.00197044 
-161.937 0.00203904 
-158.598 0.00211129 
-155.259 0.00218746 
-151.92 0.00226783 
-148.581 0.00235273 
-145.242 0.0024425 
-141.903 0.00253751 
-138.564 0.0026382 
-135.225 0.002745 
-131.886 0.00285845 
-128.548 0.00297909 
-125.209 0.00310756 
-121.87 0.00324454 
-118.531 0.00339081 
-115.192 0.00354722 
-111.853 0.00371474 
-108.514 0.00389446 
-105.175 0.00408758 
-101.836 0.00429548 
-98.4975 0.00451971 
-95.1586 0.00476203 
-91.8197 0.00502445 
-88.4808 0.00530926 
-85.1419 0.0056191 
-81.803 0.005957 
-78.4641 0.00632647 
-75.1252 0.00673158 
-71.7863 0.0071771 
-68.4474 0.00766861 
-65.1085 0.00821271 
-61.7696 0.00881723 
-58.4307 0.0094915 
-55.0918 0.0102468 
-51.7529 0.0110967 
-48.414 0.0120579 
-45.0751 0.0131508 
-41.7362 0.0144009 
-38.3973 0.0158403 
-35.0584 0.0175096 
-31.7195 0.0194614 
-28.3806 0.0217642 
-25.0417 0.0245089 
-21.7028 0.0278189 
-18.3639 0.0318646 
-15.025 0.0368877 
-11.6861 0.0432413 
-8.34725 0.0514604 
-5.00835 0.062392 
-1.66945 0.0774569 
1.66945 0.0992257 
5.00835 0.132883 
8.34725 0.190828 
11.6861 0.314269 
15.025 0.880231 
18.3639 0.941015 
21.7028 0.941006 
25.0417 0.936295 
28.3806 0.929374 
31.7195 0.920423 
35.0584 0.908843 
38.3973 0.893133 
41.7362 0.869731 
45.0751 0.82786 
48.414 0.708968 
51.7529 0.36381 
55.0918 0.212194 
58.4307 0.144538 
61.7696 0.106456 
65.1085 0.0823105 
68.4474 0.0658321 
71.7863 0.0539978 
75.1252 0.0451714 
78.4641 0.0383924 
81.803 0.0330615 
85.1419 0.0287872 
88.4808 0.0253035 
91.8197 0.0224243 
95.1586 0.0200158 
98.4975 0.0179796 
101.836 0.0162421 
105.175 0.014747 
108.514 0.0134508 
111.853 0.0123196 
115.192 0.0113263 
118.531 0.0104492 
121.87 0.00967077 
125.209 0.00897665 
128.548 0.00835504 
131.886 0.00779613 
135.225 0.00729172 
138.564 0.00683493 
141.903 0.00641991 
145.242 0.00604171 
148.581 0.00569609 
151.92 0.00537939 
155.259 0.00508846 
158.598 0.00482058 
161.937 0.00457336 
165.275 0.00434473 
168.614 0.00413286 
171.953 0.00393616 
175.292 0.0037532 
178.631 0.00358273 
181.97 0.00342364 
185.309 0.00327493 
188.648 0.00313572 
191.987 0.00300522 
195.326 0.00288271 
198.664 0.00276755 
202.003 0.00265916 
205.342 0.00255703 
208.681 0.00246068 
212.02 0.00236967 
215.359 0.00228363 
218.698 0.0022022 
222.037 0.00212505 
225.376 0.00205189 
228.715 0.00198245 
232.053 0.00191647 
235.392 0.00185374 
238.731 0.00179404 
242.07 0.00173718 
245.409 0.00168298 
248.748 0.00163128 
252.087 0.00158193 
255.426 0.00153478 
258.765 0.00148972 
262.104 0.00144661 
265.442 0.00140534 
268.781 0.00136582 
272.12 0.00132794 
275.459 0.00129161 
278.798 0.00125676 
282.137 0.0012233 
285.476 0.00119116 
288.815 0.00116026 
292.154 0.00113056 
295.492 0.00110198 
298.831 0.00107447 
302.17 0.00104798 
305.509 0.00102246 
308.848 0.000997855 
312.187 0.00097413 
315.526 0.000951241 
318.865 0.00092915 
322.204 0.000907819 
325.543 0.000887214 
328.881 0.000867303 
332.22 0.000848054 
335.559 0.000829439 
338.898 0.000811431 
342.237 0.000794002 
345.576 0.000777129 
348.915 0.000760787 
352.254 0.000744956 
355.593 0.000729614 
358.932 0.00071474 
362.27 0.000700317 
365.609 0.000686326 
368.948 0.000672749 
372.287 0.000659572 
375.626 0.000646777 
378.965 0.000634352 
382.304 0.00062228 
385.643 0.00061055 
388.982 0.000599149 
392.321 0.000588063 
395.659 0.000577282 
398.998 0.000566795 
402.337 0.000556591 
405.676 0.00054666 
409.015 0.000536992 
412.354 0.000527578 
415.693 0.00051841 
419.032 0.000509478 
422.371 0.000500775 
425.71 0.000492293 
429.048 0.000484025 
432.387 0.000475963 
435.726 0.0004681 
439.065 0.000460431 
442.404 0.000452948 
445.743 0.000445647 
449.082 0.00043852 
452.421 0.000431563 
455.76 0.00042477 
459.099 0.000418136 
462.437 0.000411656 
465.776 0.000405325 
469.115 0.000399139 
472.454 0.000393094 
475.793 0.000387184 
479.132 0.000381407 
482.471 0.000375759 
485.81 0.000370234 
489.149 0.000364831 
492.487 0.000359544 
495.826 0.000354372 
499.165 0.000349311 
502.504 0.000344357 
505.843 0.000339507 
509.182 0.00033476 
512.521 0.000330111 
515.86 0.000325558 
519.199 0.000321098 
522.538 0.00031673 
525.876 0.00031245 
529.215 0.000308256 
532.554 0.000304145 
535.893 0.000300117 
539.232 0.000296168 
542.571 0.000292296 
545.91 0.000288499 
549.249 0.000284776 
552.588 0.000281125 
555.927 0.000277543 
559.265 0.000274029 
562.604 0.000270581 
565.943 0.000267198 
569.282 0.000263878 
572.621 0.000260619 
575.96 0.000257421 
579.299 0.00025428 
582.638 0.000251197 
585.977 0.00024817 
589.316 0.000245196 
592.654 0.000242276 
595.993 0.000239408 
599.332 0.00023659 
602.671 0.000233822 
606.01 0.000231102 
609.349 0.000228429 
612.688 0.000225802 
616.027 0.00022322 
619.366 0.000220682 
622.705 0.000218187 
626.043 0.000215734 
629.382 0.000213322 
632.721 0.00021095 
636.06 0.000208618 
639.399 0.000206323 
642.738 0.000204067 
646.077 0.000201847 
649.416 0.000199664 
652.755 0.000197515 
656.094 0.000195401 
659.432 0.000193321 
662.771 0.000191273 
666.11 0.000189258 
669.449 0.000187275 
672.788 0.000185322 
676.127 0.0001834 
679.466 0.000181508 
682.805 0.000179644 
686.144 0.00017781 
689.482 0.000176003 
692.821 0.000174223 
696.16 0.00017247 
699.499 0.000170744 
702.838 0.000169043 
706.177 0.000167368 
709.516 0.000165717 
712.855 0.000164091 
716.194 0.000162488 
719.533 0.000160909 
722.871 0.000159352 
726.21 0.000157818 
729.549 0.000156306 
732.888 0.000154816 
736.227 0.000153347 
739.566 0.000151898 
742.905 0.00015047 
746.244 0.000149062 
749.583 0.000147674 
752.922 0.000146305 
756.26 0.000144954 
759.599 0.000143623 
762.938 0.000142309 
766.277 0.000141014 
769.616 0.000139736 
772.955 0.000138475 
776.294 0.000137232 
779.633 0.000136005 
782.972 0.000134794 
786.311 0.000133599 
789.649 0.00013242 
792.988 0.000131257 
796.327 0.000130109 
799.666 0.000128976 
803.005 0.000127857 
806.344 0.000126753 
809.683 0.000125664 
813.022 0.000124588 
816.361 0.000123526 
819.7 0.000122477 
823.038 0.000121442 
826.377 0.00012042 
829.716 0.00011941 
833.055 0.000118414 
836.394 0.000117429 
839.733 0.000116457 
843.072 0.000115497 
846.411 0.000114548 
849.75 0.000113612 
853.089 0.000112686 
856.427 0.000111772 
859.766 0.000110869 
863.105 0.000109977 
866.444 0.000109095 
869.783 0.000108224 
873.122 0.000107364 
876.461 0.000106514 
879.8 0.000105673 
883.139 0.000104843 
886.477 0.000104022 
889.816 0.000103211 
893.155 0.000102409 
896.494 0.000101617 
899.833 0.000100833 
903.172 0.000100059 
906.511 9.92938E-05 
909.85 9.85371E-05 
913.189 9.77891E-05 
916.528 9.70495E-05 
919.866 9.63182E-05 
923.205 9.55951E-05 
926.544 9.48802E-05 
929.883 9.41732E-05 
933.222 9.34741E-05 
936.561 9.27827E-05 
939.9 9.20989E-05 
943.239 9.14227E-05 
946.578 9.07538E-05 
949.917 9.00923E-05 
953.255 8.94379E-05 
956.594 8.87907E-05 
959.933 8.81504E-05 
963.272 8.7517E-05 
966.611 8.68904E-05 
969.95 8.62704E-05 
973.289 8.56571E-05 
976.628 8.50503E-05 
979.967 8.44499E-05 
983.305 8.38558E-05 
986.644 8.32679E-05 
989.983 8.26862E-05 
993.322 8.21106E-05 
996.661 8.15409E-05 
1000 8.09771E-05 
