7966.53	7.373472345670912e-06
7966.597086285952	7.385781942463514e-06
7966.664172571905	7.39812239024258e-06
7966.731258857857	7.410493792188114e-06
7966.7983451438095	7.422896251911825e-06
7966.865431429762	7.435329873459304e-06
7966.932517715714	7.447794761312208e-06
7966.999604001667	7.460291020390461e-06
7967.066690287619	7.472818756054438e-06
7967.1337765735725	7.485378074107218e-06
7967.200862859525	7.49796908079679e-06
7967.267949145477	7.510591882818316e-06
7967.33503543143	7.523246587316386e-06
7967.402121717382	7.5359333018872955e-06
7967.469208003335	7.54865213458133e-06
7967.536294289287	7.561403193905056e-06
7967.6033805752395	7.5741865888236645e-06
7967.670466861192	7.587002428763258e-06
7967.737553147144	7.5998508236132195e-06
7967.804639433097	7.612731883728572e-06
7967.871725719049	7.625645719932321e-06
7967.938812005002	7.638592443517876e-06
7968.005898290954	7.651572166251408e-06
7968.0729845769065	7.66458500037429e-06
7968.140070862859	7.677631058605512e-06
7968.207157148811	7.690710454144131e-06
7968.274243434765	7.703823300671716e-06
7968.341329720717	7.716969712354818e-06
7968.4084160066695	7.730149803847457e-06
7968.475502292622	7.743363690293649e-06
7968.542588578574	7.75661148732986e-06
7968.609674864527	7.769893311087592e-06
7968.676761150479	7.783209278195913e-06
7968.743847436432	7.796559505783998e-06
7968.810933722384	7.809944111483725e-06
7968.8780200083365	7.823363213432263e-06
7968.945106294289	7.836816930274674e-06
7969.012192580241	7.850305381166531e-06
7969.079278866194	7.863828685776567e-06
7969.146365152146	7.877386964289334e-06
7969.213451438099	7.890980337407856e-06
7969.280537724051	7.904608926356315e-06
7969.3476240100035	7.918272852882784e-06
7969.414710295956	7.931972239261901e-06
7969.481796581909	7.945707208297641e-06
7969.548882867862	7.959477883326054e-06
7969.615969153814	7.973284388218034e-06
7969.683055439767	7.987126847382102e-06
7969.750141725719	8.001005385767214e-06
7969.817228011671	8.014920128865583e-06
7969.884314297624	8.028871202715502e-06
7969.951400583576	8.042858733904212e-06
7970.018486869529	8.056882849570771e-06
7970.085573155481	8.070943677408943e-06
7970.152659441434	8.085041345670094e-06
7970.219745727386	8.099175983166135e-06
7970.286832013338	8.113347719272446e-06
7970.353918299291	8.12755668393085e-06
7970.421004585243	8.141803007652589e-06
7970.488090871196	8.15608682152131e-06
7970.555177157148	8.1704082571961e-06
7970.6222634431015	8.184767446914505e-06
7970.689349729054	8.199164523495575e-06
7970.756436015006	8.213599620342962e-06
7970.823522300959	8.22807287144799e-06
7970.890608586911	8.242584411392767e-06
7970.957694872864	8.25713437535332e-06
7971.024781158816	8.271722899102738e-06
7971.0918674447685	8.286350119014333e-06
7971.158953730721	8.301016172064851e-06
7971.226040016673	8.315721195837637e-06
7971.293126302626	8.33046532852591e-06
7971.360212588578	8.345248708935978e-06
7971.427298874531	8.360071476490516e-06
7971.494385160483	8.374933771231844e-06
7971.5614714464355	8.389835733825249e-06
7971.628557732388	8.404777505562296e-06
7971.69564401834	8.419759228364199e-06
7971.762730304294	8.434781044785179e-06
7971.829816590246	8.449843098015841e-06
7971.8969028761985	8.464945531886618e-06
7971.963989162151	8.48008849087116e-06
7972.031075448103	8.495272120089854e-06
7972.098161734056	8.510496565313235e-06
7972.165248020008	8.525761972965515e-06
7972.232334305961	8.54106849012812e-06
7972.299420591913	8.556416264543196e-06
7972.3665068778655	8.571805444617198e-06
7972.433593163818	8.587236179424463e-06
7972.50067944977	8.602708618710849e-06
7972.567765735723	8.618222912897328e-06
7972.634852021675	8.633779213083679e-06
7972.701938307628	8.649377671052136e-06
7972.76902459358	8.665018439271112e-06
7972.8361108795325	8.680701670898904e-06
7972.903197165486	8.69642751978748e-06
7972.970283451438	8.712196140486211e-06
7973.037369737391	8.728007688245682e-06
7973.104456023343	8.743862319021528e-06
7973.171542309296	8.759760189478256e-06
7973.238628595248	8.775701456993138e-06
7973.3057148812	8.791686279660082e-06
7973.372801167153	8.807714816293582e-06
7973.439887453105	8.823787226432623e-06
7973.506973739058	8.839903670344691e-06
7973.57406002501	8.856064309029745e-06
7973.6411463109625	8.872269304224243e-06
7973.708232596915	8.888518818405179e-06
7973.775318882867	8.904813014794183e-06
7973.84240516882	8.92115205736158e-06
7973.909491454772	8.937536110830565e-06
7973.976577740725	8.953965340681314e-06
7974.043664026677	8.97043991315516e-06
7974.11075031263	8.986959995258841e-06
7974.177836598583	9.003525754768687e-06
7974.244922884535	9.0201373602349e-06
7974.312009170488	9.036794980985834e-06
7974.37909545644	9.053498787132343e-06
7974.446181742393	9.070248949572065e-06
7974.513268028345	9.087045639993844e-06
7974.580354314297	9.103889030882089e-06
7974.64744060025	9.12077929552125e-06
7974.714526886202	9.137716608000229e-06
7974.781613172155	9.15470114321688e-06
7974.848699458107	9.171733076882554e-06
7974.91578574406	9.188812585526606e-06
7974.982872030012	9.205939846500966e-06
7975.049958315964	9.22311503798478e-06
7975.117044601917	9.240338338989014e-06
7975.184130887869	9.257609929361121e-06
7975.251217173823	9.274929989789758e-06
7975.318303459775	9.292298701809477e-06
7975.3853897457275	9.309716247805527e-06
7975.45247603168	9.327182811018568e-06
7975.519562317632	9.344698575549594e-06
7975.586648603585	9.362263726364695e-06
7975.653734889537	9.379878449299973e-06
7975.72082117549	9.397542931066474e-06
7975.787907461442	9.415257359255106e-06
7975.8549937473945	9.433021922341639e-06
7975.922080033347	9.450836809691704e-06
7975.989166319299	9.468702211565859e-06
7976.056252605252	9.486618319124636e-06
7976.123338891204	9.504585324433708e-06
7976.190425177157	9.522603420468977e-06
7976.257511463109	9.540672801121796e-06
7976.3245977490615	9.55879366120416e-06
7976.391684035015	9.576966196453988e-06
7976.458770320967	9.595190603540374e-06
7976.52585660692	9.61346708006892e-06
7976.592942892872	9.631795824587117e-06
7976.6600291788245	9.650177036589697e-06
7976.727115464777	9.668610916524093e-06
7976.794201750729	9.687097665795878e-06
7976.861288036682	9.705637486774297e-06
7976.928374322634	9.724230582797768e-06
7976.995460608587	9.742877158179501e-06
7977.062546894539	9.761577418213067e-06
7977.1296331804915	9.780331569178085e-06
7977.196719466444	9.799139818345872e-06
7977.263805752396	9.81800237398522e-06
7977.330892038349	9.83691944536811e-06
7977.397978324301	9.855891242775554e-06
7977.465064610254	9.87491797750343e-06
7977.532150896207	9.893999861868344e-06
7977.599237182159	9.913137109213572e-06
7977.666323468112	9.93232993391504e-06
7977.733409754064	9.951578551387276e-06
7977.800496040017	9.970883178089507e-06
7977.867582325969	9.990244031531733e-06
7977.934668611922	1.0009661330280818e-05
7978.001754897874	1.0029135293966712e-05
7978.068841183826	1.00486661432886e-05
7978.135927469779	1.0068254100021234e-05
7978.203013755731	1.0087899387021152e-05
7978.270100041684	1.0107602228233055e-05
7978.337186327636	1.0127362848696193e-05
7978.404272613589	1.0147181474550776e-05
7978.471358899541	1.0167058333044442e-05
7978.538445185493	1.018699365253879e-05
7978.605531471446	1.0206987662515917e-05
7978.672617757398	1.0227040593585034e-05
7978.739704043352	1.0247152677489121e-05
7978.806790329304	1.0267324147111613e-05
7978.873876615256	1.0287555236483137e-05
7978.940962901209	1.0307846180788306e-05
7979.008049187161	1.0328197216372561e-05
7979.075135473114	1.0348608580749056e-05
7979.142221759066	1.0369080512605553e-05
7979.209308045019	1.0389613251811455e-05
7979.276394330971	1.0410207039424784e-05
7979.343480616923	1.0430862117699282e-05
7979.410566902876	1.0451578730091524e-05
7979.477653188828	1.0472357121268105e-05
7979.544739474781	1.0493197537112845e-05
7979.611825760733	1.0514100224734089e-05
7979.678912046686	1.0535065432472007e-05
7979.745998332638	1.0556093409905975e-05
7979.81308461859	1.0577184407862008e-05
7979.880170904544	1.0598338678420262e-05
7979.947257190496	1.0619556474922507e-05
7980.014343476449	1.0640838051979776e-05
7980.081429762401	1.0662183665479978e-05
7980.1485160483535	1.068359357259556e-05
7980.215602334306	1.070506803179132e-05
7980.282688620258	1.0726607302832121e-05
7980.349774906211	1.0748211646790842e-05
7980.416861192163	1.0769881326056202e-05
7980.483947478116	1.0791616604340798e-05
7980.551033764068	1.0813417746689073e-05
7980.6181200500205	1.083528501948543e-05
7980.685206335973	1.0857218690462352e-05
7980.752292621925	1.0879219028708606e-05
7980.819378907878	1.0901286304677502e-05
7980.88646519383	1.0923420790195176e-05
7980.953551479783	1.0945622758469006e-05
7981.020637765736	1.0967892484096008e-05
7981.087724051688	1.0990230243071321e-05
7981.154810337641	1.1012636312796786e-05
7981.221896623593	1.103511097208956e-05
7981.288982909546	1.1057654501190747e-05
7981.356069195498	1.1080267181774191e-05
7981.4231554814505	1.1102949296955229e-05
7981.490241767403	1.1125701131299572e-05
7981.557328053355	1.114852297083223e-05
7981.624414339308	1.1171415103046495e-05
7981.69150062526	1.1194377816913018e-05
7981.758586911213	1.1217411402888865e-05
7981.825673197165	1.1240516152926814e-05
7981.8927594831175	1.1263692360484488e-05
7981.95984576907	1.1286940320533743e-05
7982.026932055022	1.1310260329570013e-05
7982.094018340975	1.1333652685621825e-05
7982.161104626928	1.1357117688260248e-05
7982.228190912881	1.1380655638608537e-05
7982.295277198833	1.1404266839351763e-05
7982.362363484785	1.1427951594746563e-05
7982.429449770738	1.1451710210630914e-05
7982.49653605669	1.1475542994434046e-05
7982.563622342643	1.1499450255186374e-05
7982.630708628595	1.1523432303529474e-05
7982.697794914548	1.1547489451726244e-05
7982.7648812005	1.1571622013671018e-05
7982.831967486452	1.1595830304899822e-05
7982.899053772405	1.1620114642600672e-05
7982.966140058357	1.1644475345624003e-05
7983.03322634431	1.1668912734493098e-05
7983.100312630262	1.1693427131414635e-05
7983.167398916215	1.1718018860289341e-05
7983.234485202167	1.174268824672264e-05
7983.301571488119	1.1767435618035456e-05
7983.368657774073	1.1792261303275102e-05
7983.435744060025	1.1817165633226156e-05
7983.502830345978	1.1842148940421532e-05
7983.56991663193	1.1867211559153532e-05
7983.6370029178825	1.189235382548509e-05
7983.704089203835	1.1917576077260977e-05
7983.771175489787	1.1942878654119186e-05
7983.83826177574	1.1968261897502367e-05
7983.905348061692	1.1993726150669319e-05
7983.972434347645	1.2019271758706604e-05
7984.039520633597	1.204489906854027e-05
7984.106606919549	1.2070608428947598e-05
7984.173693205502	1.2096400190568949e-05
7984.240779491454	1.2122274705919787e-05
7984.307865777407	1.2148232329402659e-05
7984.374952063359	1.217427341731936e-05
7984.442038349312	1.220039832788315e-05
7984.509124635265	1.2226607421231096e-05
7984.576210921217	1.2252901059436436e-05
7984.64329720717	1.2279279606521144e-05
7984.710383493122	1.2305743428468471e-05
7984.777469779075	1.2332292893235688e-05
7984.844556065027	1.235892837076683e-05
7984.9116423509795	1.2385650233005639e-05
7984.978728636932	1.24124588539085e-05
7985.045814922884	1.2439354609457535e-05
7985.112901208837	1.2466337877673797e-05
7985.179987494789	1.2493409038630572e-05
7985.247073780742	1.2520568474466699e-05
7985.314160066694	1.2547816569400119e-05
7985.3812463526465	1.2575153709741447e-05
7985.448332638599	1.2602580283907645e-05
7985.515418924551	1.2630096682435832e-05
7985.582505210504	1.265770329799718e-05
7985.649591496457	1.2685400525410943e-05
7985.7166777824095	1.2713188761658565e-05
7985.783764068362	1.2741068405897861e-05
7985.850850354314	1.2769039859477443e-05
7985.917936640267	1.2797103525951065e-05
7985.985022926219	1.2825259811092238e-05
7986.052109212172	1.285350912290891e-05
7986.119195498124	1.2881851871658176e-05
7986.1862817840765	1.2910288469861242e-05
7986.253368070029	1.2938819332318417e-05
7986.320454355981	1.2967444876124215e-05
7986.387540641934	1.299616552068263e-05
7986.454626927886	1.3024981687722482e-05
7986.521713213839	1.30538938013129e-05
7986.588799499791	1.3082902287878933e-05
7986.6558857857435	1.3112007576217252e-05
7986.722972071696	1.3141210097512021e-05
7986.790058357648	1.3170510285350849e-05
7986.857144643602	1.3199908575740904e-05
7986.924230929554	1.3229405407125101e-05
7986.991317215507	1.325900122039848e-05
7987.058403501459	1.3288696458924671e-05
7987.125489787411	1.3318491568552487e-05
7987.192576073364	1.3348386997632677e-05
7987.259662359316	1.3378383197034789e-05
7987.326748645269	1.3408480620164155e-05
7987.393834931221	1.3438679722979043e-05
7987.460921217174	1.3468980964007897e-05
7987.528007503126	1.3499384804366808e-05
7987.595093789078	1.352989170777696e-05
7987.662180075031	1.3560502140582401e-05
7987.729266360983	1.3591216571767817e-05
7987.796352646936	1.3622035472976491e-05
7987.863438932888	1.365295931852843e-05
7987.930525218841	1.3683988585438634e-05
7987.997611504794	1.3715123753435427e-05
7988.064697790746	1.3746365304979068e-05
7988.131784076699	1.37777137252804e-05
7988.198870362651	1.3809169502319691e-05
7988.265956648604	1.3840733126865662e-05
7988.333042934556	1.3872405092494566e-05
7988.4001292205085	1.3904185895609547e-05
7988.467215506461	1.393607603546005e-05
7988.534301792413	1.3968076014161439e-05
7988.601388078366	1.4000186336714769e-05
7988.668474364318	1.4032407511026709e-05
7988.735560650271	1.4064740047929588e-05
7988.802646936223	1.4097184461201741e-05
7988.8697332221755	1.412974126758779e-05
7988.936819508128	1.4162410986819302e-05
7989.00390579408	1.4195194141635535e-05
7989.070992080033	1.4228091257804305e-05
7989.138078365986	1.4261102864143084e-05
7989.2051646519385	1.4294229492540267e-05
7989.272250937891	1.4327471677976576e-05
7989.339337223843	1.4360829958546684e-05
7989.406423509796	1.4394304875480947e-05
7989.473509795748	1.4427896973167404e-05
7989.540596081701	1.4461606799173889e-05
7989.607682367653	1.4495434904270346e-05
7989.6747686536055	1.4529381842451317e-05
7989.741854939558	1.4563448170958642e-05
7989.80894122551	1.4597634450304321e-05
7989.876027511463	1.463194124429355e-05
7989.943113797415	1.4666369120048007e-05
7990.010200083368	1.4700918648029246e-05
7990.07728636932	1.4735590402062365e-05
7990.1443726552725	1.4770384959359794e-05
7990.211458941225	1.4805302900545364e-05
7990.278545227178	1.4840344809678486e-05
7990.345631513131	1.4875511274278613e-05
7990.412717799083	1.4910802885349821e-05
7990.4798040850355	1.4946220237405687e-05
7990.546890370988	1.49817639284943e-05
7990.61397665694	1.5017434560223501e-05
7990.681062942893	1.505323273778637e-05
7990.748149228845	1.5089159069986867e-05
7990.815235514798	1.5125214169265722e-05
7990.88232180075	1.5161398651726545e-05
7990.9494080867025	1.5197713137162133e-05
7991.016494372655	1.523415824908103e-05
7991.083580658607	1.527073461473426e-05
7991.15066694456	1.5307442865142352e-05
7991.217753230512	1.5344283635122534e-05
7991.284839516465	1.538125756331618e-05
7991.351925802417	1.541836529221648e-05
7991.4190120883695	1.5455607468196385e-05
7991.486098374323	1.5492984741536696e-05
7991.553184660275	1.5530497766454525e-05
7991.620270946228	1.556814720113186e-05
7991.68735723218	1.5605933707744453e-05
7991.754443518133	1.564385795249096e-05
7991.821529804085	1.5681920605622256e-05
7991.888616090037	1.5720122341471103e-05
7991.95570237599	1.575846383848199e-05
7992.022788661942	1.5796945779241232e-05
7992.089874947895	1.583556885050739e-05
7992.156961233847	1.587433374324192e-05
7992.2240475198	1.5913241152639993e-05
7992.291133805752	1.5952291778161784e-05
7992.358220091704	1.599148632356381e-05
7992.425306377657	1.6030825496930677e-05
7992.492392663609	1.6070310010707064e-05
7992.559478949562	1.6109940581729976e-05
7992.626565235515	1.614971793126125e-05
7992.6936515214675	1.618964278502044e-05
7992.76073780742	1.622971587321782e-05
7992.827824093372	1.626993793058789e-05
7992.894910379325	1.631030969642294e-05
7992.961996665277	1.6350831914607085e-05
7993.02908295123	1.6391505333650538e-05
7993.096169237182	1.6432330706724142e-05
7993.1632555231345	1.647330879169423e-05
7993.230341809087	1.651444035115787e-05
7993.297428095039	1.6555726152478235e-05
7993.364514380992	1.659716696782049e-05
7993.431600666944	1.6638763574187846e-05
7993.498686952897	1.6680516753457993e-05
7993.565773238849	1.6722427292419834e-05
7993.6328595248015	1.676449598281054e-05
7993.699945810754	1.6806723621353022e-05
7993.767032096707	1.684911100979354e-05
7993.83411838266	1.6891658954939796e-05
7993.901204668612	1.6934368268699377e-05
7993.9682909545645	1.6977239768118432e-05
7994.035377240517	1.702027427542078e-05
7994.102463526469	1.7063472618047277e-05
7994.169549812422	1.7106835628695686e-05
7994.236636098374	1.715036414536071e-05
7994.303722384327	1.7194059011374527e-05
7994.370808670279	1.7237921075447648e-05
7994.4378949562315	1.7281951191710072e-05
7994.504981242184	1.7326150219752934e-05
7994.572067528136	1.737051902467044e-05
7994.639153814089	1.7415058477102136e-05
7994.706240100041	1.7459769453275713e-05
7994.773326385994	1.750465283505006e-05
7994.840412671946	1.754970950995872e-05
7994.907498957899	1.759494037125383e-05
7994.974585243852	1.7640346317950294e-05
7995.041671529804	1.768592825487059e-05
7995.108757815757	1.7731687092689714e-05
7995.175844101709	1.7777623747980755e-05
7995.2429303876615	1.782373914326076e-05
7995.310016673614	1.7870034207037037e-05
7995.377102959566	1.791650987385393e-05
7995.444189245519	1.7963167084339942e-05
7995.511275531471	1.8010006785255363e-05
7995.578361817424	1.8057029929540254e-05
7995.645448103376	1.8104237476362995e-05
7995.7125343893285	1.8151630391169088e-05
7995.779620675281	1.8199209645730622e-05
7995.846706961233	1.8246976218196013e-05
7995.913793247186	1.8294931093140317e-05
7995.980879533138	1.8343075261615957e-05
7996.047965819091	1.839140972120391e-05
7996.115052105044	1.84399354760654e-05
7996.182138390996	1.848865353699407e-05
7996.249224676949	1.8537564921468548e-05
7996.316310962901	1.858667065370569e-05
7996.383397248854	1.8635971764714077e-05
7996.450483534806	1.868546929234818e-05
7996.517569820759	1.8735164281363052e-05
7996.584656106711	1.8785057783469308e-05
7996.651742392663	1.88351508573889e-05
7996.718828678616	1.8885444568911242e-05
7996.785914964568	1.8935939990949824e-05
7996.853001250521	1.8986638203599598e-05
7996.920087536473	1.9037540294194554e-05
7996.987173822426	1.908864735736613e-05
7997.054260108378	1.913996049510207e-05
7997.12134639433	1.9191480816805732e-05
7997.188432680283	1.924320943935617e-05
7997.255518966236	1.9295147487168563e-05
7997.322605252189	1.934729609225537e-05
7997.389691538141	1.9399656394288033e-05
7997.4567778240935	1.945222954065918e-05
7997.523864110046	1.9505016686545534e-05
7997.590950395998	1.9558018994971328e-05
7997.658036681951	1.961123763687243e-05
7997.725122967903	1.966467379116094e-05
7997.792209253856	1.9718328644790516e-05
7997.859295539808	1.97722033928223e-05
7997.9263818257605	1.9826299238491424e-05
7997.993468111713	1.988061739327423e-05
7998.060554397665	1.9935159076956063e-05
7998.127640683618	1.998992551769979e-05
7998.19472696957	2.0044917952114904e-05
7998.261813255523	2.010013762532733e-05
7998.328899541475	2.0155585791049954e-05
7998.395985827428	2.0211263711653707e-05
7998.463072113381	2.026717265823947e-05
7998.530158399333	2.0323313910710612e-05
7998.597244685286	2.0379688757846258e-05
7998.664330971238	2.0436298497375142e-05
7998.7314172571905	2.049314443605048e-05
7998.798503543143	2.0550227889725203e-05
7998.865589829095	2.0607550183428213e-05
7998.932676115048	2.0665112651441248e-05
7998.999762401	2.0722916637376465e-05
7999.066848686953	2.0780963494254975e-05
7999.133934972905	2.0839254584585873e-05
7999.2010212588575	2.0897791280446307e-05
7999.26810754481	2.095657496356216e-05
7999.335193830762	2.1015607025389574e-05
7999.402280116715	2.1074888867197374e-05
7999.469366402667	2.1134421900150125e-05
7999.536452688621	2.119420754539215e-05
7999.603538974573	2.125424723413237e-05
7999.670625260525	2.1314542407729937e-05
7999.737711546478	2.1375094517780712e-05
7999.80479783243	2.143590502620467e-05
7999.871884118383	2.1496975405334152e-05
7999.938970404335	2.1558307138002906e-05
8000.006056690288	2.161990171763619e-05
8000.07314297624	2.1681760648341617e-05
8000.140229262192	2.1743885445001054e-05
8000.207315548145	2.180627763336324e-05
8000.274401834097	2.1868938750137617e-05
8000.34148812005	2.1931870343088832e-05
8000.408574406002	2.1995073971132383e-05
8000.4756606919545	2.2058551204431126e-05
8000.542746977907	2.2122303624492816e-05
8000.609833263859	2.2186332824268583e-05
8000.676919549812	2.2250640408252485e-05
8000.744005835765	2.2315227992581973e-05
8000.811092121718	2.2380097205139448e-05
8000.87817840767	2.2445249685654855e-05
8000.945264693622	2.25106870858093e-05
8001.012350979575	2.2576411069339696e-05
8001.079437265527	2.2642423312144545e-05
8001.14652355148	2.2708725502390735e-05
8001.213609837432	2.2775319340621547e-05
8001.280696123385	2.28422065398656e-05
8001.347782409337	2.290938882574709e-05
8001.414868695289	2.297686793659705e-05
8001.481954981242	2.3044645623565787e-05
8001.549041267194	2.311272365073654e-05
8001.616127553147	2.3181103795240202e-05
8001.683213839099	2.3249787847371378e-05
8001.750300125052	2.331877761070546e-05
8001.817386411004	2.3388074902217136e-05
8001.884472696957	2.3457681552399955e-05
8001.95155898291	2.3527599405387206e-05
8002.018645268862	2.359783031907413e-05
8002.085731554815	2.3668376165241264e-05
8002.152817840767	2.3739238829679162e-05
8002.2199041267195	2.3810420212314507e-05
8002.286990412672	2.388192222733735e-05
8002.354076698624	2.3953746803329872e-05
8002.421162984577	2.4025895883396386e-05
8002.488249270529	2.4098371425294775e-05
8002.555335556482	2.4171175401569343e-05
8002.622421842434	2.4244309799684912e-05
8002.6895081283865	2.4317776622162607e-05
8002.756594414339	2.439157788671682e-05
8002.823680700291	2.446571562639381e-05
8002.890766986244	2.4540191889711707e-05
8002.957853272196	2.461500874080197e-05
8003.0249395581495	2.469016825955248e-05
8003.092025844102	2.4765672541752067e-05
8003.159112130054	2.4841523699236583e-05
8003.226198416007	2.491772386003656e-05
8003.293284701959	2.4994275168526536e-05
8003.360370987912	2.5071179785575883e-05
8003.427457273864	2.514843988870124e-05
8003.4945435598165	2.522605767222072e-05
8003.561629845769	2.5304035347409743e-05
8003.628716131721	2.5382375142658432e-05
8003.695802417674	2.546107930363087e-05
8003.762888703626	2.5540150093426074e-05
8003.829974989579	2.5619589792740583e-05
8003.897061275531	2.5699400700032985e-05
8003.9641475614835	2.5779585131690196e-05
8004.031233847436	2.5860145422195458e-05
8004.098320133388	2.594108392429829e-05
8004.165406419341	2.6022403009186287e-05
8004.232492705294	2.6104105066658752e-05
8004.299578991247	2.6186192505302297e-05
8004.366665277199	2.626866775266835e-05
8004.433751563151	2.6351533255452598e-05
8004.500837849104	2.6434791479676535e-05
8004.567924135056	2.651844491087076e-05
8004.635010421009	2.66024960542607e-05
8004.702096706961	2.668694743495401e-05
8004.769182992914	2.677180159813022e-05
8004.836269278866	2.685706110923265e-05
8004.903355564818	2.6942728554162163e-05
8004.970441850771	2.70288065394733e-05
8005.037528136723	2.7115297692572525e-05
8005.104614422676	2.7202204661918802e-05
8005.171700708628	2.7289530117226204e-05
8005.238786994581	2.7377276749669062e-05
8005.305873280533	2.7465447272089248e-05
8005.372959566486	2.755404441920581e-05
8005.440045852439	2.7643070947827172e-05
8005.507132138391	2.773252963706543e-05
8005.574218424344	2.782242328855331e-05
8005.641304710296	2.7912754726663503e-05
8005.708390996248	2.8003526798730556e-05
8005.775477282201	2.809474237527516e-05
8005.842563568153	2.818640435023115e-05
8005.909649854106	2.827851564117503e-05
8005.976736140058	2.837107918955817e-05
8006.043822426011	2.846409796094153e-05
8006.110908711963	2.8557574945233307e-05
8006.177994997915	2.8651513156929127e-05
8006.245081283868	2.874591563535507e-05
8006.31216756982	2.884078544491355e-05
8006.379253855773	2.893612567533202e-05
8006.446340141725	2.903193944191442e-05
8006.5134264276785	2.912822988579578e-05
8006.580512713631	2.9225000174199646e-05
8006.647598999583	2.9322253500698458e-05
8006.714685285536	2.941999308547711e-05
8006.781771571488	2.9518222175599445e-05
8006.848857857441	2.9616944045278002e-05
8006.915944143393	2.971616199614679e-05
8006.9830304293455	2.9815879357537377e-05
8007.050116715298	2.991609948675822e-05
8007.11720300125	3.00168257693771e-05
8007.184289287203	3.0118061619507272e-05
8007.251375573155	3.0219810480096566e-05
8007.318461859108	3.0322075823220233e-05
8007.38554814506	3.0424861150377073e-05
8007.4526344310125	3.052816999278921e-05
8007.519720716965	3.063200591170537e-05
8007.586807002917	3.073637249870778e-05
8007.653893288871	3.0841273376022705e-05
8007.720979574823	3.094671219683484e-05
8007.7880658607755	3.105269264560524e-05
8007.855152146728	3.115921843839324e-05
8007.92223843268	3.126629332318228e-05
8007.989324718633	3.1373921080209445e-05
8008.056411004585	3.1482105522299165e-05
8008.123497290538	3.1590850495200986e-05
8008.19058357649	3.170015987793118e-05
8008.2576698624425	3.1810037583118775e-05
8008.324756148395	3.192048755735561e-05
8008.391842434347	3.2031513781550865e-05
8008.4589287203	3.214312027128949e-05
8008.526015006252	3.2255311077195574e-05
8008.593101292205	3.236809028529975e-05
8008.660187578157	3.2481462017411176e-05
8008.7272738641095	3.259543043149422e-05
8008.794360150063	3.270999972204976e-05
8008.861446436015	3.282517412050089e-05
8008.928532721968	3.294095789558389e-05
8008.99561900792	3.305735535374358e-05
8009.062705293873	3.317437083953384e-05
8009.129791579825	3.329200873602293e-05
8009.196877865777	3.3410273465204e-05
8009.26396415173	3.3529169488410635e-05
8009.331050437682	3.364870130673759e-05
8009.398136723635	3.376887346146672e-05
8009.465223009587	3.388969053449848e-05
8009.53230929554	3.401115714878843e-05
8009.599395581492	3.413327796878968e-05
8009.666481867444	3.425605770090061e-05
8009.733568153397	3.437950109391825e-05
8009.800654439349	3.450361293949757e-05
8009.867740725302	3.4628398072616375e-05
8009.934827011254	3.475386137204627e-05
8010.0019132972075	3.488000776082948e-05
8010.06899958316	3.5006842206761725e-05
8010.136085869112	3.5134369722881474e-05
8010.203172155065	3.526259536796511e-05
8010.270258441017	3.53915242470287e-05
8010.33734472697	3.552116151183618e-05
8010.404431012922	3.565151236141374e-05
8010.4715172988745	3.578258204257136e-05
8010.538603584827	3.591437585043068e-05
8010.605689870779	3.6046899128959695e-05
8010.672776156732	3.618015727151465e-05
8010.739862442684	3.631415572138862e-05
8010.806948728637	3.644889997236753e-05
8010.874035014589	3.658439556929304e-05
8010.941121300541	3.672064810863321e-05
8011.008207586494	3.685766323906019e-05
8011.075293872446	3.699544666203586e-05
8011.1423801584	3.713400413240473e-05
8011.209466444352	3.727334145899503e-05
8011.2765527303045	3.741346450522741e-05
8011.343639016257	3.7554379189731846e-05
8011.410725302209	3.769609148697264e-05
8011.477811588162	3.783860742788156e-05
8011.544897874114	3.798193310049965e-05
8011.611984160067	3.8126074650627335e-05
8011.679070446019	3.827103828248315e-05
8011.7461567319715	3.8416830259371555e-05
8011.813243017924	3.856345690435923e-05
8011.880329303876	3.8710924600960946e-05
8011.947415589829	3.885923979383398e-05
8012.014501875781	3.900840898948254e-05
8012.081588161734	3.915843875697127e-05
8012.148674447686	3.930933572864827e-05
8012.2157607336385	3.946110660087835e-05
8012.282847019592	3.961375813478589e-05
8012.349933305544	3.976729715700754e-05
8012.417019591497	3.9921730560455914e-05
8012.484105877449	4.007706530509279e-05
8012.5511921634015	4.023330841871354e-05
8012.618278449354	4.039046699774185e-05
8012.685364735306	4.0548548208035626e-05
8012.752451021259	4.0707559285703784e-05
8012.819537307211	4.0867507537934294e-05
8012.886623593164	4.10284003438337e-05
8012.953709879116	4.1190245155278216e-05
8013.0207961650685	4.135304949777645e-05
8013.087882451021	4.151682097134439e-05
8013.154968736973	4.1681567251392196e-05
8013.222055022926	4.184729608962358e-05
8013.289141308878	4.2014015314947655e-05
8013.356227594831	4.2181732834403405e-05
8013.423313880783	4.2350456634097355e-05
8013.490400166736	4.252019478015413e-05
8013.557486452689	4.269095541968049e-05
8013.624572738641	4.286274678174305e-05
8013.691659024594	4.303557717835953e-05
8013.758745310546	4.320945500550424e-05
8013.825831596499	4.338438874412793e-05
8013.892917882451	4.356038696119153e-05
8013.960004168403	4.373745831071538e-05
8014.027090454356	4.391561153484303e-05
8014.094176740308	4.409485546491989e-05
8014.161263026261	4.427519902258815e-05
8014.228349312213	4.4456651220896574e-05
8014.295435598166	4.4639221165426844e-05
8014.362521884118	4.482291805543576e-05
8014.42960817007	4.5007751185014065e-05
8014.496694456023	4.5193729944262145e-05
8014.563780741975	4.5380863820482344e-05
8014.630867027929	4.55691623993893e-05
8014.697953313881	4.5758635366337184e-05
8014.7650395998335	4.5949292507565156e-05
8014.832125885786	4.614114371146114e-05
8014.899212171738	4.633419896984395e-05
8014.966298457691	4.652846837926404e-05
8015.033384743643	4.672396214232386e-05
8015.100471029596	4.6920690569017204e-05
8015.167557315548	4.711866407808862e-05
8015.2346436015005	4.731789319841283e-05
8015.301729887453	4.75183885703946e-05
8015.368816173405	4.77201609473895e-05
8015.435902459358	4.792322119714559e-05
8015.50298874531	4.812758030326702e-05
8015.570075031263	4.833324936669924e-05
8015.637161317215	4.854023960723624e-05
8015.7042476031675	4.874856236505112e-05
8015.771333889121	4.8958229102249136e-05
8015.838420175073	4.916925140444411e-05
8015.905506461026	4.938164098235935e-05
8015.972592746978	4.9595409673451814e-05
8016.0396790329305	4.981056944356201e-05
8016.106765318883	5.002713238858813e-05
8016.173851604835	5.0245110736186237e-05
8016.240937890788	5.046451684749614e-05
8016.30802417674	5.06853632188939e-05
8016.375110462693	5.090766248377121e-05
8016.442196748645	5.1131427414342006e-05
8016.5092830345975	5.135667092347702e-05
8016.57636932055	5.158340606656677e-05
8016.643455606502	5.181164604341335e-05
8016.710541892455	5.2041404200151294e-05
8016.777628178407	5.227269403119888e-05
8016.84471446436	5.250552918123939e-05
8016.911800750313	5.2739923447233467e-05
8016.978887036265	5.297589078046306e-05
8017.045973322218	5.321344528860731e-05
8017.11305960817	5.345260123785132e-05
8017.180145894123	5.3693373055027695e-05
8017.247232180075	5.393577532979264e-05
8017.3143184660275	5.4179822816835815e-05
8017.38140475198	5.442553043812564e-05
8017.448491037932	5.4672913285190307e-05
8017.515577323885	5.492198662143499e-05
8017.582663609837	5.517276588449628e-05
8017.64974989579	5.542526668863431e-05
8017.716836181742	5.567950482716288e-05
8017.7839224676945	5.593549627491952e-05
8017.851008753647	5.619325719077451e-05
8017.918095039599	5.6452803920180935e-05
8017.985181325552	5.6714152997766115e-05
8018.052267611505	5.697732114996465e-05
8018.119353897458	5.7242325297695036e-05
8018.18644018341	5.750918255907927e-05
8018.253526469362	5.7777910252207315e-05
8018.320612755315	5.8048525897946864e-05
8018.387699041267	5.832104722279897e-05
8018.45478532722	5.859549216180123e-05
8018.521871613172	5.887187886147843e-05
8018.588957899125	5.915022568284214e-05
8018.656044185077	5.943055120444018e-05
8018.723130471029	5.9712874225456736e-05
8018.790216756982	5.999721376886405e-05
8018.857303042934	6.028358908462692e-05
8018.924389328887	6.057201965296052e-05
8018.991475614839	6.0862525187643524e-05
8019.058561900792	6.115512563938638e-05
8019.125648186744	6.144984119925649e-05
8019.192734472696	6.174669230216175e-05
8019.25982075865	6.204569963039253e-05
8019.326907044602	6.234688411722424e-05
8019.393993330555	6.265026695058103e-05
8019.461079616507	6.295586957676224e-05
8019.5281659024595	6.326371370423237e-05
8019.595252188412	6.35738213074762e-05
8019.662338474364	6.38862146309204e-05
8019.729424760317	6.420091619292237e-05
8019.796511046269	6.451794878982808e-05
8019.863597332222	6.483733550010083e-05
8019.930683618174	6.515909968852072e-05
8019.9977699041265	6.548326501045795e-05
8020.064856190079	6.580985541622062e-05
8020.131942476031	6.613889515547823e-05
8020.199028761984	6.647040878176334e-05
8020.266115047936	6.680442115705197e-05
8020.333201333889	6.714095745642482e-05
8020.400287619842	6.74800431728112e-05
8020.467373905794	6.782170412181635e-05
8020.534460191747	6.816596644663547e-05
8020.601546477699	6.851285662305442e-05
8020.668632763652	6.886240146453996e-05
8020.735719049604	6.921462812742154e-05
8020.8028053355565	6.95695641161654e-05
8020.869891621509	6.992723728874407e-05
8020.936977907461	7.02876758621026e-05
8021.004064193414	7.06509084177234e-05
8021.071150479366	7.101696390729258e-05
8021.138236765319	7.138587165846861e-05
8021.205323051271	7.175766138075654e-05
8021.2724093372235	7.213236317148975e-05
8021.339495623176	7.251000752192058e-05
8021.406581909128	7.289062532342378e-05
8021.473668195081	7.327424787381344e-05
8021.540754481034	7.366090688377696e-05
8021.607840766987	7.405063448342833e-05
8021.674927052939	7.44434632289826e-05
8021.742013338891	7.483942610955485e-05
8021.809099624844	7.523855655408622e-05
8021.876185910796	7.564088843839927e-05
8021.943272196749	7.604645609238589e-05
8022.010358482701	7.645529430733057e-05
8022.077444768654	7.686743834337148e-05
8022.144531054606	7.728292393710293e-05
8022.211617340558	7.770178730932214e-05
8022.278703626511	7.812406517292321e-05
8022.345789912463	7.854979474094163e-05
8022.412876198416	7.89790137347525e-05
8022.479962484368	7.941176039242634e-05
8022.5470487703205	7.984807347724527e-05
8022.614135056273	8.028799228638351e-05
8022.681221342225	8.07315566597558e-05
8022.748307628179	8.117880698903677e-05
8022.815393914131	8.162978422685707e-05
8022.882480200084	8.208452989617694e-05
8022.949566486036	8.254308609984471e-05
8023.016652771988	8.300549553034165e-05
8023.083739057941	8.347180147971878e-05
8023.150825343893	8.394204784972973e-05
8023.217911629846	8.441627916216374e-05
8023.284997915798	8.489454056938331e-05
8023.352084201751	8.537687786507243e-05
8023.419170487703	8.586333749519725e-05
8023.486256773655	8.635396656918819e-05
8023.553343059608	8.684881287134461e-05
8023.62042934556	8.73479248724694e-05
8023.687515631513	8.785135174173857e-05
8023.754601917465	8.835914335881057e-05
8023.821688203418	8.887135032618134e-05
8023.888774489371	8.938802398179084e-05
8023.955860775323	8.990921641188675e-05
8024.022947061276	9.043498046415157e-05
8024.090033347228	9.096536976109907e-05
8024.157119633181	9.150043871374608e-05
8024.224205919133	9.20402425355677e-05
8024.2912922050855	9.258483725674015e-05
8024.358378491038	9.313427973868069e-05
8024.42546477699	9.368862768888911e-05
8024.492551062943	9.424793967610031e-05
8024.559637348895	9.48122751457545e-05
8024.626723634848	9.538169443579129e-05
8024.6938099208	9.595625879277843e-05
8024.7608962067525	9.653603038838046e-05
8024.827982492705	9.712107233617673e-05
8024.895068778657	9.77114487088381e-05
8024.96215506461	9.830722455566906e-05
8025.029241350563	9.890846592052563e-05
8025.0963276365155	9.95152398601191e-05
8025.163413922468	0.00010012761446271168
8025.23050020842	0.00010074565886721842
8025.297586494373	0.00010136944328272148
8025.364672780325	0.00010199903900840887
8025.431759066278	0.00010263451845394885
8025.49884535223	0.0001032759551603084
8025.5659316381825	0.0001039234238210298
8025.633017924135	0.00010457700030397525
8025.700104210087	0.00010523676167355065
8025.76719049604	0.00010590278621342297
8025.834276781992	0.00010657515344974151
8025.901363067945	0.00010725394417487686
8025.968449353897	0.00010793924047169136
8026.0355356398495	0.0001086311257383528
8026.102621925802	0.00010932968471370805
8026.169708211755	0.00011003500350322801
8026.236794497708	0.00011074716960554146
8026.30388078366	0.0001114662719395716
8026.370967069613	0.00011219240087229055
8026.438053355565	0.00011292564824710944
8026.505139641517	0.00011366610741292027
8026.57222592747	0.00011441387325380479
8026.639312213422	0.0001151690422194319
8026.706398499375	0.00011593171235615763
8026.773484785327	0.00011670198333884905
8026.84057107128	0.00011747995650345118
8026.907657357232	0.000118265734880315
8026.974743643184	0.0001190594232283091
8027.041829929137	0.00011986112806973536
8027.108916215089	0.00012067095772606891
8027.176002501042	0.00012148902235454815
8027.243088786994	0.00012231543398563365
8027.310175072947	0.00012315030656136327
8027.3772613589	0.00012399375597462665
8027.444347644852	0.00012484590010938262
8027.511433930805	0.00012570685888184998
8027.578520216757	0.00012657675428269302
8027.64560650271	0.0001274557104202343
8027.712692788662	0.00012834385356472064
8027.779779074614	0.00012924131219367124
8027.846865360567	0.00013014821703834144
8027.913951646519	0.00013106470113133023
8027.981037932472	0.00013199089985536493
8028.048124218424	0.00013292695099329803
8028.115210504377	0.00013387299477934779
8028.182296790329	0.00013482917395162054
8028.249383076281	0.00013579563380595062
8028.316469362234	0.0001367725222510945
8028.383555648186	0.000137759989865322
8028.450641934139	0.00013875818995443936
8028.517728220092	0.0001397672786112917
8028.5848145060445	0.00014078741477678453
8028.651900791997	0.00014181876030246822
8028.718987077949	0.00014286148001473566
8028.786073363902	0.0001439157417806752
8028.853159649854	0.00014498171657563203
8028.920245935807	0.0001460595785525272
8028.987332221759	0.00014714950511298658
8029.0544185077115	0.00014825167698033452
8029.121504793664	0.00014936627827450834
8029.188591079616	0.00015049349658895008
8029.255677365569	0.00015163352306953902
8029.322763651521	0.00015278655249562184
8029.389849937474	0.00015395278336320994
8029.456936223426	0.00015513241797040638
8029.5240225093785	0.00015632566250513148
8029.591108795331	0.0001575327271352217
8029.658195081284	0.0001587538261009694
8029.725281367237	0.0001599891778101851
8029.792367653189	0.0001612390049358575
8029.8594539391415	0.00016250353451649371
8029.926540225094	0.00016378299805922499
8029.993626511046	0.0001650776316457646
8030.060712796999	0.0001663876760413067
8030.127799082951	0.0001677133768064648
8030.194885368904	0.00016905498441234057
8030.261971654856	0.00017041275435882909
8030.3290579408085	0.00017178694729626245
8030.396144226761	0.00017317782915049826
8030.463230512713	0.00017458567125156987
8030.530316798666	0.00017601075046600799
8030.597403084618	0.00017745334933296205
8030.664489370571	0.0001789137562042368
8030.731575656523	0.00018039226538838296
8030.7986619424755	0.00018188917729896977
8030.865748228429	0.00018340479860718377
8030.932834514381	0.00018493944239889165
8030.999920800334	0.00018649342833632602
8031.067007086286	0.00018806708282454444
8031.134093372239	0.00018966073918282207
8031.201179658191	0.0001912747378211525
8031.268265944143	0.00019290942642202514
8031.335352230096	0.0001945651601276624
8031.402438516048	0.00019624230173290476
8031.469524802001	0.00019794122188394273
8031.536611087953	0.0001996622992830901
8031.603697373906	0.00020140592089982012
8031.670783659858	0.0002031724821882765
8031.73786994581	0.00020496238731149358
8031.804956231763	0.00020677604937255359
8031.872042517715	0.00020861389065294003
8031.939128803668	0.0002104763428583357
8032.006215089621	0.00021236384737213193
8032.0733013755735	0.00021427685551693231
8032.140387661526	0.00021621582882433804
8032.207473947478	0.00021818123931331086
8032.274560233431	0.00022017356977743522
8032.341646519383	0.00022219331408140198
8032.408732805336	0.0002242409774670495
8032.475819091288	0.00022631707686932562
8032.5429053772405	0.00022842214124252952
8032.609991663193	0.00023055671189722678
8032.677077949145	0.0002327213428482276
8032.744164235098	0.00023491660117405764
8032.81125052105	0.0002371430673883494
8032.878336807003	0.00023940133582360697
8032.945423092955	0.00024169201502782396
8033.012509378907	0.0002440157281744462
8033.07959566486	0.0002463731134861885
8033.146681950813	0.00024876482467325547
8033.213768236766	0.000251191531386516
8033.280854522718	0.0002536539196862296
8033.3479408086705	0.0002561526925269226
8033.415027094623	0.0002586885702590691
8033.482113380575	0.00026126229114823715
8033.549199666528	0.00026387461191239346
8033.61628595248	0.0002665263082781108
8033.683372238433	0.0002692181755564288
8033.750458524385	0.00027195102923916907
8033.8175448103375	0.00027472570561654276
8033.88463109629	0.0002775430624169245
8033.951717382242	0.0002804039794696951
8034.018803668195	0.0002833093593921258
8034.085889954147	0.0002862601283012917
8034.1529762401	0.000289257236552072
8034.220062526052	0.0002923016595023239
8034.287148812005	0.0002953943983063931
8034.354235097958	0.00029853648073815844
8034.42132138391	0.0003017289620448699
8034.488407669863	0.00030497292583311496
8034.555493955815	0.0003082694849882966
8034.6225802417675	0.00031161978262907094
8034.68966652772	0.0003150249930982882
8034.756752813672	0.0003184863229920322
8034.823839099625	0.00032200501222843527
8034.890925385577	0.00032558233515805055
8034.95801167153	0.00032921960171762533
8035.025097957482	0.00033291815862923515
8035.0921842434345	0.00033667939064681356
8035.159270529387	0.0003405047218522502
8035.226356815339	0.0003443956170033088
8035.293443101292	0.0003483535829357458
8035.360529387244	0.0003523801700221449
8035.427615673198	0.00035647697369009816
8035.49470195915	0.00036064563600250206
8035.561788245102	0.0003648878473029042
8035.628874531055	0.00036920534792897366
8035.695960817007	0.0003735999299973235
8035.76304710296	0.0003780734392631263
8035.830133388912	0.0003826277770581046
8035.897219674865	0.00038726490231070875
8035.964305960817	0.0003919868336524754
8036.031392246769	0.0003967956516148066
8036.098478532722	0.00040169350092063077
8036.165564818674	0.0004066825928756442
8036.232651104627	0.00041176520786412877
8036.299737390579	0.0004169436979545965
8036.366823676532	0.0004222204896208075
8036.433909962484	0.00042759808658405753
8036.500996248436	0.00043307907278294065
8036.568082534389	0.0004386661154771523
8036.635168820342	0.00044436196849231434
8036.702255106295	0.0004501694756131696
8036.769341392247	0.00045609157413297114
8036.8364276781995	0.0004621312985673098
8036.903513964152	0.0004682917845411726
8036.970600250104	0.00047457627285851605
8037.037686536057	0.0004809881137641989
8037.104772822009	0.00048753077140876365
8037.171859107962	0.0004942078285271616
8037.238945393914	0.0005010229913432042
8037.3060316798665	0.0005079800947122975
8037.373117965819	0.0005150831075157721
8037.440204251771	0.0005223361383209571
8037.507290537724	0.0005297434413220938
8037.574376823676	0.000537309422578102
8037.641463109629	0.0005450386465642936
8037.708549395581	0.0005529358430561894
8037.775635681534	0.0005610059143648544
8037.842721967487	0.0005692539429443944
8037.909808253439	0.0005776851993936393
8037.976894539392	0.0005863051508755598
8038.043980825344	0.0005951194699795059
8038.1110671112965	0.000604134044053075
8038.178153397249	0.00061335498503229
8038.245239683201	0.000622788639800712
8038.312325969154	0.000632441601110275
8038.379412255106	0.0006423207190988939
8038.446498541059	0.0006524331134424451
8038.513584827011	0.0006627861861813448
8038.5806711129635	0.0006733876352648401
8038.647757398916	0.0006842454688593169
8038.714843684868	0.0006953680204702536
8038.781929970821	0.0007067639649311031
8038.849016256773	0.0007184423353164108
8038.916102542727	0.0007304125408407064
8038.983188828679	0.0007426843858093534
8039.050275114631	0.0007552680896926493
8039.117361400584	0.0007681743083998753
8039.184447686536	0.0007814141568359868
8039.251533972489	0.0007949992328300428
8039.318620258441	0.0008089416425315899
8039.3857065443935	0.0008232540273787919
8039.452792830346	0.0008379495927504215
8039.519879116298	0.0008530421384229978
8039.586965402251	0.0008685460909641842
8039.654051688203	0.000884476538204354
8039.721137974156	0.0009008492659401561
8039.788224260108	0.0009176807970367294
8039.8553105460605	0.0009349884331093441
8039.922396832013	0.0009527902989808292
8039.989483117965	0.0009711053901279844
8040.056569403918	0.0009899536233488747
8040.123655689871	0.0010093558909032533
8040.190741975824	0.001029334118400903
8040.257828261776	0.0010499113267373136
8040.324914547728	0.0010711116984032474
8040.392000833681	0.0010929606485248322
8040.459087119633	0.0011154849010237393
8040.526173405586	0.0011387125703234407
8040.593259691538	0.0011626732490679903
8040.660345977491	0.001187398102364206
8040.727432263443	0.0012129199691074933
8040.794518549395	0.0012392734710064016
8040.861604835348	0.0012664951299815475
8040.9286911213	0.0012946234946821307
8040.995777407253	0.0013236992769381213
8041.062863693205	0.0013537654990499165
8041.129949979158	0.0013848676529102121
8041.19703626511	0.0014170538720566955
8041.264122551063	0.00145037511787046
8041.331208837016	0.001484885381264756
8041.398295122968	0.0015206419013541342
8041.465381408921	0.0015577054027574974
8041.532467694873	0.001596140353371599
8041.5995539808255	0.0016360152446577428
8041.666640266778	0.0016774028967167583
8041.73372655273	0.0017203807906889807
8041.800812838683	0.0017650314313119124
8041.867899124635	0.0018114427428026234
8041.934985410588	0.0018597085016113211
8042.00207169654	0.0019099288100224085
8042.0691579824925	0.0019622106150682488
8042.136244268445	0.002016668277777683
8042.203330554397	0.0020734241984158605
8042.27041684035	0.0021326095040969666
8042.337503126302	0.002194364805981639
8042.4045894122555	0.002258841034222003
8042.471675698208	0.0023262003599101902
8042.53876198416	0.002396617214544537
8042.605848270113	0.0024702794189779657
8042.672934556065	0.0025473894354899863
8042.740020842018	0.002628165758564959
8042.80710712797	0.0027128444622132957
8042.8741934139225	0.0028016809242931732
8042.941279699875	0.0028949517513466
8043.008365985827	0.002992956931036138
8043.07545227178	0.0030960222434530463
8043.142538557732	0.0032045019674830904
8043.209624843685	0.003318781924205795
8043.276711129637	0.0034392829061381663
8043.3437974155895	0.0035664645492295543
8043.410883701542	0.0037008297141275285
8043.477969987494	0.003842929454687538
8043.545056273448	0.00399336866538235
8043.6121425594	0.0041528125156707505
8043.679228845353	0.004321993799115369
8043.746315131305	0.0045017213488506135
8043.813401417257	0.004692889699844295
8043.88048770321	0.004896490213464061
8043.947573989162	0.005113623922658654
8044.014660275115	0.005345516408512474
8044.081746561067	0.005593535083477735
8044.14883284702	0.005859209336364401
8044.215919132972	0.006144254093226651
8044.283005418924	0.006450597471866879
8044.350091704877	0.006780413362632292
8044.417177990829	0.007136159963475099
8044.484264276782	0.007520625544738482
8044.551350562734	0.007936983034564516
8044.6184368486865	0.008388855420256516
8044.68552313464	0.008880394482760264
8044.752609420592	0.009416376059202175
8044.819695706545	0.010002315914881476
8044.886781992497	0.010644611474064829
8044.95386827845	0.011350716209736291
8045.020954564402	0.01212935556853742
8045.088040850354	0.012990796110643396
8045.155127136307	0.013947183365103118
8045.222213422259	0.015012969159494245
8045.289299708212	0.016205456495065693
8045.356385994164	0.017545500320518707
8045.423472280117	0.01905841718736911
8045.490558566069	0.020775177851243325
8045.557644852021	0.02273398767707135
8045.624731137974	0.024982405347837543
8045.691817423926	0.027580219098012056
8045.758903709879	0.030603404936727335
8045.825989995831	0.03414965549131218
8045.8930762817845	0.03834622933155587
8045.960162567737	0.04336129542295204
8046.027248853689	0.049420654597269575
8046.094335139642	0.05683292810709583
8046.161421425594	0.06602842594712417
8046.228507711547	0.07762075227367576
8046.295593997499	0.09250740234864367
8046.3626802834515	0.11203955955938723
8046.429766569404	0.13831935176582985
8046.496852855356	0.17474117474136153
8046.563939141309	0.2270180346673645
8046.631025427261	0.30519634576696303
8046.698111713214	0.4276468967011751
8046.765197999166	0.6282746790748235
8046.8322842851185	0.9628115111520535
8046.899370571071	1.469572365707398
8046.966456857023	1.9626101390047757
8047.033543142977	1.9626101390047757
8047.100629428929	1.4695723657072766
8047.1677157148815	0.9628115111520535
8047.234802000834	0.6282746790748235
8047.301888286786	0.42764689670114264
8047.368974572739	0.30519634576696303
8047.436060858691	0.2270180346673645
8047.503147144644	0.17474117474136153
8047.570233430596	0.1383193517658234
8047.6373197165485	0.11203955955938723
8047.704406002501	0.09250740234864367
8047.771492288453	0.07762075227367303
8047.838578574406	0.06602842594712417
8047.905664860358	0.05683292810709583
8047.972751146311	0.04942065459726819
8048.039837432263	0.04336129542295204
8048.1069237182155	0.03834622933155587
8048.174010004169	0.03414965549131137
8048.241096290121	0.03060340493672665
8048.308182576074	0.027580219098012056
8048.375268862026	0.024982405347837543
8048.442355147979	0.022733987677070897
8048.509441433931	0.020775177851243325
8048.576527719883	0.01905841718736911
8048.643614005836	0.017545500320518406
8048.710700291788	0.016205456495065693
8048.777786577741	0.015012969159494245
8048.844872863693	0.013947183365102905
8048.911959149646	0.012990796110643396
8048.979045435598	0.01212935556853742
8049.04613172155	0.011350716209736137
8049.113218007503	0.010644611474064687
8049.180304293455	0.010002315914881476
8049.247390579408	0.009416376059202175
8049.31447686536	0.008880394482760156
8049.3815631513135	0.008388855420256516
8049.448649437266	0.007936983034564516
8049.515735723218	0.007520625544738398
8049.582822009171	0.007136159963475099
8049.649908295123	0.006780413362632292
8049.716994581076	0.006450597471866812
8049.784080867028	0.006144254093226651
8049.85116715298	0.005859209336364401
8049.918253438933	0.005593535083477683
8049.985339724885	0.005345516408512424
8050.052426010838	0.005113623922658654
8050.11951229679	0.004896490213464061
8050.186598582743	0.0046928896998442516
8050.253684868695	0.0045017213488506135
8050.320771154647	0.004321993799115369
8050.3878574406	0.004152812515670715
8050.454943726552	0.00399336866538235
8050.522030012506	0.003842929454687538
8050.589116298458	0.0037008297141275
8050.6562025844105	0.0035664645492295543
8050.723288870363	0.0034392829061381663
8050.790375156315	0.0033187819242057708
8050.857461442268	0.003204501967483066
8050.92454772822	0.0030960222434530463
8050.991634014173	0.002992956931036138
8051.058720300125	0.0028949517513465785
8051.1258065860775	0.0028016809242931732
8051.19289287203	0.0027128444622132957
8051.259979157982	0.002628165758564941
8051.327065443935	0.0025473894354899863
8051.394151729887	0.0024702794189779657
8051.46123801584	0.002396617214544523
8051.528324301792	0.0023262003599101902
8051.5954105877445	0.002258841034222003
8051.662496873698	0.002194364805981639
8051.72958315965	0.002132609504096954
8051.796669445603	0.0020734241984158605
8051.863755731555	0.002016668277777683
8051.9308420175075	0.001962210615068237
8051.99792830346	0.0019099288100224085
8052.065014589412	0.0018597085016113211
8052.132100875365	0.0018114427428026134
8052.199187161317	0.0017650314313119124
8052.26627344727	0.0017203807906889807
8052.333359733222	0.00167740289671675
8052.4004460191745	0.0016360152446577342
8052.467532305127	0.001596140353371599
8052.534618591079	0.0015577054027574974
8052.601704877032	0.0015206419013541266
8052.668791162984	0.001484885381264756
8052.735877448937	0.00145037511787046
8052.80296373489	0.0014170538720566885
8052.870050020842	0.0013848676529102121
8052.937136306795	0.0013537654990499165
8053.004222592747	0.001323699276938115
8053.0713088787	0.0012946234946821307
8053.138395164652	0.0012664951299815475
8053.205481450605	0.0012392734710063957
8053.272567736557	0.0012129199691074876
8053.339654022509	0.001187398102364206
8053.406740308462	0.0011626732490679903
8053.473826594414	0.001138712570323436
8053.540912880367	0.0011154849010237393
8053.607999166319	0.0010929606485248322
8053.675085452272	0.0010711116984032428
8053.742171738224	0.0010499113267373136
8053.809258024176	0.001029334118400903
8053.876344310129	0.0010093558909032492
8053.943430596082	0.0009899536233488747
8054.010516882035	0.0009711053901279844
8054.077603167987	0.0009527902989808257
8054.1446894539395	0.0009349884331093403
8054.211775739892	0.0009176807970367294
8054.278862025844	0.0009008492659401561
8054.345948311797	0.0008844765382043507
8054.413034597749	0.0008685460909641842
8054.480120883702	0.0008530421384229978
8054.547207169654	0.000837949592750418
8054.6142934556065	0.0008232540273787919
8054.681379741559	0.0008089416425315899
8054.748466027511	0.0007949992328300395
8054.815552313464	0.0007814141568359868
8054.882638599416	0.0007681743083998753
8054.949724885369	0.0007552680896926468
8055.016811171321	0.0007426843858093507
8055.083897457273	0.0007304125408407064
8055.150983743227	0.0007184423353164108
8055.218070029179	0.0007067639649311007
8055.285156315132	0.0006953680204702536
8055.352242601084	0.0006842454688593169
8055.4193288870365	0.0006733876352648377
8055.486415172989	0.0006627861861813448
8055.553501458941	0.0006524331134424451
8055.620587744894	0.0006423207190988916
8055.687674030846	0.000632441601110275
8055.754760316799	0.000622788639800712
8055.821846602751	0.0006133549850322881
8055.8889328887035	0.0006041340440530728
8055.956019174656	0.0005951194699795059
8056.023105460608	0.0005863051508755598
8056.090191746561	0.0005776851993936375
8056.157278032513	0.0005692539429443944
8056.224364318466	0.0005610059143648544
8056.291450604419	0.0005529358430561877
8056.358536890371	0.0005450386465642936
8056.425623176324	0.000537309422578102
8056.492709462276	0.0005297434413220921
8056.559795748229	0.0005223361383209571
8056.626882034181	0.0005150831075157721
8056.6939683201335	0.0005079800947122975
8056.761054606086	0.0005010229913432026
8056.828140892038	0.0004942078285271616
8056.895227177991	0.00048753077140876365
8056.962313463943	0.0004809881137641976
8057.029399749896	0.00047457627285851605
8057.096486035848	0.0004682917845411726
8057.1635723218005	0.0004621312985673085
8057.230658607753	0.00045609157413297114
8057.297744893705	0.0004501694756131696
8057.364831179658	0.00044436196849231314
8057.43191746561	0.0004386661154771512
8057.499003751564	0.00043307907278294065
8057.566090037516	0.00042759808658405753
8057.633176323468	0.00042222048962080636
8057.700262609421	0.0004169436979545965
8057.767348895373	0.00041176520786412877
8057.834435181326	0.0004066825928756431
8057.901521467278	0.00040169350092063077
8057.968607753231	0.0003967956516148066
8058.035694039183	0.0003919868336524746
8058.102780325135	0.00038726490231070875
8058.169866611088	0.0003826277770581046
8058.23695289704	0.00037807343926312526
8058.304039182993	0.00037359992999732265
8058.371125468945	0.00036920534792897366
8058.438211754898	0.0003648878473029042
8058.50529804085	0.00036064563600250103
8058.572384326802	0.00035647697369009816
8058.639470612756	0.0003523801700221449
8058.706556898708	0.000348353582935745
8058.773643184661	0.0003443956170033088
8058.840729470613	0.0003405047218522502
8058.9078157565655	0.00033667939064681285
8058.974902042518	0.00033291815862923515
8059.04198832847	0.00032921960171762533
8059.109074614423	0.00032558233515804974
8059.176160900375	0.00032200501222843446
8059.243247186328	0.0003184863229920322
8059.31033347228	0.0003150249930982882
8059.3774197582325	0.00031161978262907007
8059.444506044185	0.0003082694849882966
8059.511592330137	0.00030497292583311496
8059.57867861609	0.0003017289620448692
8059.645764902042	0.00029853648073815844
8059.712851187995	0.0002953943983063931
8059.779937473948	0.0002923016595023234
8059.8470237599	0.000289257236552072
8059.914110045853	0.0002862601283012917
8059.981196331805	0.00028330935939212514
8060.048282617758	0.00028040397946969446
8060.11536890371	0.0002775430624169245
8060.1824551896625	0.00027472570561654276
8060.249541475615	0.00027195102923916836
8060.316627761567	0.0002692181755564288
8060.38371404752	0.0002665263082781108
8060.450800333472	0.000263874611912393
8060.517886619425	0.00026126229114823715
8060.584972905377	0.0002586885702590691
8060.6520591913295	0.0002561526925269221
8060.719145477282	0.0002536539196862296
8060.786231763234	0.000251191531386516
8060.853318049187	0.00024876482467325493
8060.92040433514	0.00024637311348618804
8060.987490621093	0.0002440157281744462
8061.054576907045	0.00024169201502782396
8061.121663192997	0.00023940133582360643
8061.18874947895	0.0002371430673883494
8061.255835764902	0.00023491660117405764
8061.322922050855	0.00023272134284822715
8061.390008336807	0.00023055671189722678
8061.4570946227595	0.00022842214124252952
8061.524180908712	0.00022631707686932527
8061.591267194664	0.0002242409774670495
8061.658353480617	0.00022219331408140198
8061.725439766569	0.00022017356977743522
8061.792526052522	0.0002181812393133104
8061.859612338474	0.00021621582882433804
8061.9266986244265	0.00021427685551693231
8061.993784910379	0.00021236384737213142
8062.060871196332	0.0002104763428583357
8062.127957482285	0.00020861389065294003
8062.195043768237	0.00020677604937255318
8062.26213005419	0.00020496238731149358
8062.329216340142	0.0002031724821882765
8062.396302626094	0.00020140592089981969
8062.463388912047	0.00019966229928308974
8062.530475197999	0.00019794122188394273
8062.597561483952	0.00019624230173290476
8062.664647769904	0.00019456516012766203
8062.731734055857	0.00019290942642202514
8062.798820341809	0.0001912747378211525
8062.865906627761	0.00018966073918282177
8062.932992913714	0.00018806708282454444
8063.000079199666	0.00018649342833632602
8063.067165485619	0.00018493944239889127
8063.134251771571	0.00018340479860718377
8063.201338057524	0.00018188917729896977
8063.268424343477	0.00018039226538838255
8063.335510629429	0.00017891375620423654
8063.402596915382	0.00017745334933296205
8063.469683201334	0.00017601075046600799
8063.536769487287	0.00017458567125156954
8063.603855773239	0.00017317782915049826
8063.6709420591915	0.00017178694729626232
8063.738028345144	0.00017041275435882892
8063.805114631096	0.00016905498441234057
8063.872200917049	0.00016771337680646466
8063.939287203001	0.00016638767604130653
8064.006373488954	0.0001650776316457646
8064.073459774906	0.00016378299805922499
8064.1405460608585	0.00016250353451649355
8064.207632346811	0.00016123900493585728
8064.274718632763	0.0001599891778101851
8064.341804918716	0.0001587538261009693
8064.408891204669	0.00015753272713522152
8064.4759774906215	0.00015632566250513148
8064.543063776574	0.00015513241797040624
8064.610150062526	0.00015395278336320984
8064.677236348479	0.00015278655249562184
8064.744322634431	0.00015163352306953888
8064.811408920384	0.00015049349658894997
8064.878495206336	0.00014936627827450834
8064.9455814922885	0.00014825167698033452
8065.012667778241	0.00014714950511298641
8065.079754064193	0.000146059578552527
8065.146840350146	0.00014498171657563203
8065.213926636098	0.0001439157417806751
8065.281012922051	0.00014286148001473555
8065.348099208003	0.00014181876030246822
8065.4151854939555	0.00014078741477678442
8065.482271779908	0.00013976727861129157
8065.549358065861	0.00013875818995443936
8065.616444351814	0.00013775998986532192
8065.683530637766	0.00013677252225109438
8065.750616923719	0.00013579563380595062
8065.817703209671	0.00013482917395162054
8065.884789495623	0.00013387299477934765
8065.951875781576	0.00013292695099329784
8066.018962067528	0.00013199089985536493
8066.086048353481	0.00013106470113133012
8066.153134639433	0.00013014821703834136
8066.220220925386	0.00012924131219367124
8066.287307211338	0.0001283438535647206
8066.35439349729	0.00012745571042023426
8066.421479783243	0.00012657675428269302
8066.488566069195	0.00012570685888184984
8066.555652355148	0.0001248459001093825
8066.6227386411	0.00012399375597462665
8066.6898249270525	0.00012315030656136327
8066.756911213006	0.00012231543398563352
8066.823997498958	0.00012148902235454797
8066.891083784911	0.00012067095772606891
8066.958170070863	0.00011986112806973526
8067.025256356816	0.00011905942322830903
8067.092342642768	0.000118265734880315
8067.15942892872	0.00011747995650345114
8067.226515214673	0.00011670198333884894
8067.293601500625	0.00011593171235615763
8067.360687786578	0.0001151690422194319
8067.42777407253	0.00011441387325380472
8067.494860358483	0.0001136661074129201
8067.561946644435	0.00011292564824710944
8067.629032930387	0.00011219240087229047
8067.69611921634	0.00011146627193957145
8067.763205502292	0.00011074716960554146
8067.830291788245	0.00011003500350322793
8067.897378074198	0.00010932968471370796
8067.9644643601505	0.0001086311257383528
8068.031550646103	0.0001079392404716913
8068.098636932055	0.00010725394417487678
8068.165723218008	0.00010657515344974151
8068.23280950396	0.00010590278621342297
8068.299895789913	0.00010523676167355056
8068.366982075865	0.00010457700030397515
8068.4340683618175	0.0001039234238210298
8068.50115464777	0.00010327595516030826
8068.568240933722	0.00010263451845394871
8068.635327219675	0.00010199903900840887
8068.702413505627	0.0001013694432827214
8068.76949979158	0.00010074565886721838
8068.836586077532	0.00010012761446271168
8068.9036723634845	9.951523986011904e-05
8068.970758649437	9.89084659205256e-05
8069.03784493539	9.830722455566906e-05
8069.104931221343	9.77114487088381e-05
8069.172017507295	9.712107233617663e-05
8069.2391037932475	9.653603038838034e-05
8069.3061900792	9.595625879277843e-05
8069.373276365152	9.53816944357912e-05
8069.440362651105	9.481227514575438e-05
8069.507448937057	9.424793967610031e-05
8069.57453522301	9.368862768888904e-05
8069.641621508962	9.313427973868062e-05
8069.7087077949145	9.258483725674015e-05
8069.775794080867	9.204024253556763e-05
8069.842880366819	9.150043871374597e-05
8069.909966652772	9.096536976109907e-05
8069.977052938724	9.043498046415157e-05
8070.044139224677	8.990921641188671e-05
8070.111225510629	8.938802398179077e-05
8070.178311796582	8.887135032618134e-05
8070.245398082535	8.835914335881054e-05
8070.312484368487	8.785135174173854e-05
8070.37957065444	8.73479248724694e-05
8070.446656940392	8.684881287134457e-05
8070.513743226345	8.635396656918816e-05
8070.580829512297	8.586333749519725e-05
8070.647915798249	8.537687786507239e-05
8070.715002084202	8.489454056938329e-05
8070.782088370154	8.441627916216374e-05
8070.849174656107	8.394204784972973e-05
8070.916260942059	8.34718014797187e-05
8070.983347228012	8.300549553034155e-05
8071.050433513964	8.254308609984471e-05
8071.117519799916	8.208452989617689e-05
8071.184606085869	8.162978422685698e-05
8071.251692371821	8.117880698903677e-05
8071.318778657775	8.073155665975574e-05
8071.385864943727	8.028799228638344e-05
8071.4529512296795	7.984807347724527e-05
8071.520037515632	7.941176039242627e-05
8071.587123801584	7.897901373475243e-05
8071.654210087537	7.854979474094163e-05
8071.721296373489	7.812406517292321e-05
8071.788382659442	7.770178730932211e-05
8071.855468945394	7.728292393710283e-05
8071.922555231346	7.686743834337148e-05
8071.989641517299	7.645529430733054e-05
8072.056727803251	7.604645609238586e-05
8072.123814089204	7.564088843839927e-05
8072.190900375156	7.52385565540862e-05
8072.257986661109	7.483942610955479e-05
8072.325072947061	7.44434632289826e-05
8072.392159233013	7.405063448342833e-05
8072.459245518966	7.366090688377693e-05
8072.526331804919	7.327424787381333e-05
8072.593418090872	7.289062532342378e-05
8072.660504376824	7.251000752192055e-05
8072.7275906627765	7.213236317148967e-05
8072.794676948729	7.175766138075654e-05
8072.861763234681	7.138587165846854e-05
8072.928849520634	7.101696390729252e-05
8072.995935806586	7.06509084177234e-05
8073.063022092539	7.028767586210258e-05
8073.130108378491	6.992723728874403e-05
8073.1971946644435	6.95695641161654e-05
8073.264280950396	6.921462812742154e-05
8073.331367236348	6.886240146453991e-05
8073.398453522301	6.851285662305435e-05
8073.465539808253	6.816596644663547e-05
8073.532626094206	6.782170412181633e-05
8073.599712380158	6.748004317281114e-05
8073.666798666111	6.714095745642482e-05
8073.733884952064	6.680442115705195e-05
8073.800971238016	6.647040878176333e-05
8073.868057523969	6.613889515547823e-05
8073.935143809921	6.580985541622061e-05
8074.0022300958735	6.548326501045792e-05
8074.069316381826	6.515909968852072e-05
8074.136402667778	6.483733550010083e-05
8074.203488953731	6.451794878982807e-05
8074.270575239683	6.420091619292227e-05
8074.337661525636	6.38862146309204e-05
8074.404747811588	6.357382130747618e-05
8074.4718340975405	6.32637137042323e-05
8074.538920383493	6.295586957676224e-05
8074.606006669445	6.265026695058099e-05
8074.673092955398	6.23468841172242e-05
8074.74017924135	6.204569963039253e-05
8074.807265527304	6.174669230216174e-05
8074.874351813256	6.144984119925645e-05
8074.941438099208	6.115512563938638e-05
8075.008524385161	6.0862525187643524e-05
8075.075610671113	6.057201965296048e-05
8075.142696957066	6.028358908462686e-05
8075.209783243018	5.999721376886405e-05
8075.276869528971	5.971287422545673e-05
8075.343955814923	5.943055120444015e-05
8075.411042100875	5.915022568284214e-05
8075.478128386828	5.887187886147841e-05
8075.54521467278	5.859549216180121e-05
8075.612300958733	5.832104722279897e-05
8075.679387244685	5.804852589794685e-05
8075.746473530638	5.777791025220731e-05
8075.81355981659	5.750918255907927e-05
8075.880646102542	5.7242325297695036e-05
8075.947732388495	5.697732114996463e-05
8076.014818674448	5.6714152997766054e-05
8076.081904960401	5.6452803920180935e-05
8076.148991246353	5.619325719077449e-05
8076.2160775323055	5.59354962749195e-05
8076.283163818258	5.567950482716288e-05
8076.35025010421	5.5425266688634255e-05
8076.417336390163	5.5172765884496265e-05
8076.484422676115	5.492198662143499e-05
8076.551508962068	5.467291328519029e-05
8076.61859524802	5.4425530438125594e-05
8076.6856815339725	5.4179822816835815e-05
8076.752767819925	5.393577532979264e-05
8076.819854105877	5.3693373055027674e-05
8076.88694039183	5.345260123785126e-05
8076.954026677782	5.321344528860731e-05
8077.021112963735	5.297589078046302e-05
8077.088199249687	5.2739923447233426e-05
8077.15528553564	5.250552918123939e-05
8077.222371821593	5.227269403119887e-05
8077.289458107545	5.2041404200151274e-05
8077.356544393498	5.181164604341335e-05
8077.42363067945	5.158340606656677e-05
8077.4907169654025	5.135667092347699e-05
8077.557803251355	5.113142741434195e-05
8077.624889537307	5.090766248377121e-05
8077.69197582326	5.0685363218893886e-05
8077.759062109212	5.046451684749608e-05
8077.826148395165	5.0245110736186237e-05
8077.893234681117	5.002713238858813e-05
8077.9603209670695	4.9810569443562005e-05
8078.027407253022	4.9595409673451814e-05
8078.094493538974	4.938164098235931e-05
8078.161579824927	4.916925140444411e-05
8078.228666110879	4.8958229102249136e-05
8078.2957523968325	4.874856236505112e-05
8078.362838682785	4.8540239607236205e-05
8078.429924968737	4.833324936669917e-05
8078.49701125469	4.812758030326702e-05
8078.564097540642	4.7923221197145556e-05
8078.631183826595	4.7720160947389446e-05
8078.698270112547	4.75183885703946e-05
8078.7653563984995	4.73178931984128e-05
8078.832442684452	4.7118664078088606e-05
8078.899528970404	4.6920690569017204e-05
8078.966615256357	4.6723962142323854e-05
8079.033701542309	4.6528468379264036e-05
8079.100787828262	4.633419896984395e-05
8079.167874114214	4.614114371146114e-05
8079.2349604001665	4.594929250756513e-05
8079.302046686119	4.575863536633716e-05
8079.369132972071	4.55691623993893e-05
8079.436219258025	4.538086382048232e-05
8079.503305543977	4.519372994426211e-05
8079.57039182993	4.5007751185014065e-05
8079.637478115882	4.4822918055435735e-05
8079.704564401834	4.463922116542684e-05
8079.771650687787	4.4456651220896574e-05
8079.838736973739	4.427519902258812e-05
8079.905823259692	4.409485546491987e-05
8079.972909545644	4.391561153484303e-05
8080.039995831597	4.373745831071538e-05
8080.107082117549	4.356038696119149e-05
8080.174168403501	4.3384388744127895e-05
8080.241254689454	4.320945500550424e-05
8080.308340975406	4.30355771783595e-05
8080.375427261359	4.286274678174303e-05
8080.442513547311	4.269095541968049e-05
8080.509599833264	4.2520194780154096e-05
8080.576686119217	4.235045663409733e-05
8080.643772405169	4.2181732834403405e-05
8080.710858691122	4.201401531494764e-05
8080.777944977074	4.184729608962356e-05
8080.845031263027	4.1681567251392196e-05
8080.912117548979	4.151682097134439e-05
8080.9792038349315	4.1353049497776444e-05
8081.046290120884	4.119024515527819e-05
8081.113376406836	4.10284003438337e-05
8081.180462692789	4.086750753793428e-05
8081.247548978741	4.070755928570377e-05
8081.314635264694	4.0548548208035626e-05
8081.381721550646	4.039046699774185e-05
8081.4488078365985	4.023330841871353e-05
8081.515894122551	4.007706530509279e-05
8081.582980408503	3.9921730560455914e-05
8081.650066694456	3.976729715700753e-05
8081.717152980408	3.961375813478589e-05
8081.7842392663615	3.946110660087835e-05
8081.851325552314	3.9309335728648244e-05
8081.918411838266	3.915843875697124e-05
8081.985498124219	3.900840898948254e-05
8082.052584410171	3.885923979383396e-05
8082.119670696124	3.871092460096091e-05
8082.186756982076	3.856345690435923e-05
8082.2538432680285	3.8416830259371534e-05
8082.320929553981	3.8271038282483134e-05
8082.388015839933	3.8126074650627335e-05
8082.455102125886	3.798193310049965e-05
8082.522188411838	3.783860742788153e-05
8082.589274697791	3.76960914869726e-05
8082.656360983743	3.7554379189731846e-05
8082.7234472696955	3.7413464505227396e-05
8082.790533555648	3.727334145899501e-05
8082.8576198416	3.713400413240473e-05
8082.924706127554	3.699544666203585e-05
8082.991792413506	3.685766323906019e-05
8083.058878699459	3.672064810863321e-05
8083.125964985411	3.658439556929304e-05
8083.193051271363	3.6448899972367504e-05
8083.260137557316	3.631415572138862e-05
8083.327223843268	3.618015727151465e-05
8083.394310129221	3.604689912895968e-05
8083.461396415173	3.591437585043063e-05
8083.5284827011255	3.578258204257136e-05
8083.595568987078	3.565151236141372e-05
8083.66265527303	3.552116151183615e-05
8083.729741558983	3.53915242470287e-05
8083.796827844935	3.526259536796509e-05
8083.863914130888	3.513436972288146e-05
8083.93100041684	3.5006842206761725e-05
8083.9980867027925	3.488000776082946e-05
8084.065172988745	3.475386137204626e-05
8084.132259274698	3.4628398072616375e-05
8084.199345560651	3.450361293949757e-05
8084.266431846603	3.437950109391823e-05
8084.333518132556	3.425605770090058e-05
8084.400604418508	3.413327796878968e-05
8084.46769070446	3.4011157148788425e-05
8084.534776990413	3.388969053449846e-05
8084.601863276365	3.376887346146672e-05
8084.668949562318	3.3648701306737584e-05
8084.73603584827	3.352916948841063e-05
8084.803122134223	3.3410273465204e-05
8084.870208420175	3.329200873602292e-05
8084.937294706127	3.317437083953383e-05
8085.00438099208	3.305735535374358e-05
8085.071467278032	3.294095789558389e-05
8085.138553563985	3.282517412050087e-05
8085.205639849937	3.270999972204971e-05
8085.2727261358905	3.259543043149422e-05
8085.339812421843	3.248146201741117e-05
8085.406898707795	3.2368090285299737e-05
8085.473984993748	3.2255311077195574e-05
8085.5410712797	3.2143120271289476e-05
8085.608157565653	3.2031513781550845e-05
8085.675243851605	3.192048755735561e-05
8085.7423301375575	3.181003758311876e-05
8085.80941642351	3.1700159877931164e-05
8085.876502709462	3.1590850495200986e-05
8085.943588995415	3.1482105522299165e-05
8086.010675281367	3.137392108020942e-05
8086.07776156732	3.126629332318225e-05
8086.144847853272	3.115921843839324e-05
8086.2119341392245	3.1052692645605226e-05
8086.279020425177	3.0946712196834816e-05
8086.346106711129	3.0841273376022705e-05
8086.413192997083	3.073637249870777e-05
8086.480279283035	3.063200591170536e-05
8086.5473655689875	3.052816999278921e-05
8086.61445185494	3.042486115037706e-05
8086.681538140892	3.032207582322023e-05
8086.748624426845	3.0219810480096566e-05
8086.815710712797	3.0118061619507272e-05
8086.88279699875	3.0016825769377094e-05
8086.949883284702	2.9916099486758183e-05
8087.0169695706545	2.9815879357537377e-05
8087.084055856607	2.9716161996146784e-05
8087.151142142559	2.9616944045277992e-05
8087.218228428512	2.9518222175599445e-05
8087.285314714464	2.94199930854771e-05
8087.352401000417	2.932225350069845e-05
8087.419487286369	2.9225000174199646e-05
8087.4865735723215	2.912822988579578e-05
8087.553659858275	2.9031939441914404e-05
8087.620746144227	2.893612567533201e-05
8087.68783243018	2.884078544491355e-05
8087.754918716132	2.874591563535506e-05
8087.822005002085	2.86515131569291e-05
8087.889091288037	2.8557574945233307e-05
8087.956177573989	2.8464097960941517e-05
8088.023263859942	2.8371079189558153e-05
8088.090350145894	2.827851564117503e-05
8088.157436431847	2.818640435023114e-05
8088.224522717799	2.8094742375275147e-05
8088.291609003752	2.8003526798730556e-05
8088.358695289704	2.7912754726663503e-05
8088.425781575656	2.7822423288553306e-05
8088.492867861609	2.773252963706541e-05
8088.559954147561	2.7643070947827172e-05
8088.627040433514	2.7554044419205806e-05
8088.694126719467	2.7465447272089217e-05
8088.761213005419	2.7377276749669062e-05
8088.828299291372	2.7289530117226198e-05
8088.895385577324	2.7202204661918795e-05
8088.962471863277	2.7115297692572525e-05
8089.029558149229	2.702880653947329e-05
8089.096644435182	2.6942728554162156e-05
8089.163730721134	2.685706110923265e-05
8089.230817007086	2.677180159813022e-05
8089.297903293039	2.6686947434953992e-05
8089.364989578991	2.6602496054260684e-05
8089.432075864944	2.651844491087076e-05
8089.499162150896	2.6434791479676518e-05
8089.566248436849	2.6351533255452594e-05
8089.633334722801	2.626866775266835e-05
8089.700421008753	2.6186192505302294e-05
8089.767507294706	2.6104105066658742e-05
8089.834593580658	2.6022403009186287e-05
8089.901679866612	2.5941083924298285e-05
8089.968766152564	2.586014542219545e-05
8090.0358524385165	2.5779585131690196e-05
8090.102938724469	2.5699400700032985e-05
8090.170025010421	2.5619589792740576e-05
8090.237111296374	2.5540150093426053e-05
8090.304197582326	2.546107930363087e-05
8090.371283868279	2.5382375142658425e-05
8090.438370154231	2.5304035347409733e-05
8090.5054564401835	2.522605767222072e-05
8090.572542726136	2.514843988870123e-05
8090.639629012088	2.507117978557588e-05
8090.706715298041	2.4994275168526536e-05
8090.773801583993	2.491772386003656e-05
8090.840887869946	2.4841523699236573e-05
8090.907974155898	2.4765672541752067e-05
8090.9750604418505	2.469016825955248e-05
8091.042146727804	2.4615008740801964e-05
8091.109233013756	2.4540191889711696e-05
8091.176319299709	2.446571562639381e-05
8091.243405585661	2.439157788671681e-05
8091.3104918716135	2.43177766221626e-05
8091.377578157566	2.4244309799684912e-05
8091.444664443518	2.4171175401569337e-05
8091.511750729471	2.4098371425294775e-05
8091.578837015423	2.4025895883396386e-05
8091.645923301376	2.3953746803329865e-05
8091.713009587328	2.388192222733735e-05
8091.7800958732805	2.3810420212314497e-05
8091.847182159233	2.3739238829679162e-05
8091.914268445185	2.366837616524125e-05
8091.981354731138	2.359783031907412e-05
8092.04844101709	2.3527599405387206e-05
8092.115527303043	2.345768155239995e-05
8092.182613588996	2.3388074902217136e-05
8092.249699874948	2.331877761070546e-05
8092.316786160901	2.3249787847371367e-05
8092.383872446853	2.3181103795240195e-05
8092.450958732806	2.311272365073654e-05
8092.518045018758	2.3044645623565787e-05
8092.585131304711	2.2976867936597042e-05
8092.652217590663	2.2909388825747072e-05
8092.719303876615	2.28422065398656e-05
8092.786390162568	2.2775319340621547e-05
8092.85347644852	2.2708725502390715e-05
8092.920562734473	2.2642423312144545e-05
8092.987649020425	2.2576411069339696e-05
8093.054735306378	2.2510687085809288e-05
8093.12182159233	2.2445249685654855e-05
8093.188907878282	2.2380097205139448e-05
8093.255994164235	2.2315227992581956e-05
8093.323080450187	2.2250640408252485e-05
8093.390166736141	2.2186332824268583e-05
8093.457253022093	2.212230362449281e-05
8093.5243393080455	2.2058551204431116e-05
8093.591425593998	2.1995073971132383e-05
8093.65851187995	2.1931870343088826e-05
8093.725598165903	2.1868938750137607e-05
8093.792684451855	2.180627763336324e-05
8093.859770737808	2.1743885445001043e-05
8093.92685702376	2.168176064834161e-05
8093.993943309712	2.161990171763619e-05
8094.061029595665	2.15583071380029e-05
8094.128115881617	2.1496975405334135e-05
8094.19520216757	2.143590502620467e-05
8094.262288453522	2.1375094517780712e-05
8094.329374739475	2.131454240772992e-05
8094.396461025427	2.1254247234132364e-05
8094.463547311379	2.119420754539215e-05
8094.530633597333	2.1134421900150125e-05
8094.597719883285	2.1074888867197374e-05
8094.664806169238	2.1015607025389574e-05
8094.73189245519	2.095657496356215e-05
8094.7989787411425	2.0897791280446304e-05
8094.866065027095	2.0839254584585853e-05
8094.933151313047	2.0780963494254958e-05
8095.000237599	2.0722916637376472e-05
8095.067323884952	2.0665112651441248e-05
8095.134410170905	2.0607550183428213e-05
8095.201496456857	2.0550227889725203e-05
8095.2685827428095	2.0493144436050466e-05
8095.335669028762	2.043629849737513e-05
8095.402755314714	2.0379688757846258e-05
8095.469841600667	2.032331391071062e-05
8095.536927886619	2.026717265823947e-05
8095.604014172572	2.0211263711653707e-05
8095.671100458525	2.0155585791049944e-05
8095.738186744477	2.010013762532732e-05
8095.80527303043	2.0044917952114894e-05
8095.872359316382	1.9989925517699797e-05
8095.939445602335	1.9935159076956063e-05
8096.006531888287	1.988061739327423e-05
8096.0736181742395	1.982629923849142e-05
8096.140704460192	1.9772203392822285e-05
8096.207790746144	1.9718328644790506e-05
8096.274877032097	1.966467379116095e-05
8096.341963318049	1.961123763687243e-05
8096.409049604002	1.9558018994971328e-05
8096.476135889954	1.9505016686545534e-05
8096.5432221759065	1.945222954065917e-05
8096.610308461859	1.9399656394288022e-05
8096.677394747811	1.9347296092255355e-05
8096.744481033764	1.929514748716857e-05
8096.811567319717	1.924320943935617e-05
8096.87865360567	1.9191480816805732e-05
8096.945739891622	1.9139960495102064e-05
8097.012826177574	1.9088647357366122e-05
8097.079912463527	1.9037540294194537e-05
8097.146998749479	1.8986638203599605e-05
8097.214085035432	1.8935939990949824e-05
8097.281171321384	1.8885444568911242e-05
8097.348257607337	1.88351508573889e-05
8097.415343893289	1.87850577834693e-05
8097.482430179241	1.8735164281363042e-05
8097.549516465194	1.8685469292348175e-05
8097.616602751146	1.8635971764714077e-05
8097.683689037099	1.858667065370569e-05
8097.750775323051	1.8537564921468548e-05
8097.817861609004	1.8488653536994067e-05
8097.884947894956	1.8439935476065397e-05
8097.952034180909	1.8391409721203895e-05
8098.019120466862	1.8343075261615957e-05
8098.086206752814	1.8294931093140317e-05
8098.153293038767	1.8246976218196013e-05
8098.220379324719	1.8199209645730622e-05
8098.2874656106715	1.8151630391169085e-05
8098.354551896624	1.8104237476362984e-05
8098.421638182576	1.8057029929540247e-05
8098.488724468529	1.801000678525537e-05
8098.555810754481	1.7963167084339942e-05
8098.622897040434	1.791650987385393e-05
8098.689983326386	1.7870034207037037e-05
8098.7570696123385	1.782373914326075e-05
8098.824155898291	1.777762374798075e-05
8098.891242184243	1.773168709268972e-05
8098.958328470196	1.768592825487059e-05
8099.025414756148	1.7640346317950294e-05
8099.0925010421015	1.759494037125383e-05
8099.159587328054	1.754970950995872e-05
8099.226673614006	1.7504652835050054e-05
8099.293759899959	1.74597694532757e-05
8099.360846185911	1.741505847710214e-05
8099.427932471864	1.737051902467044e-05
8099.495018757816	1.7326150219752934e-05
8099.5621050437685	1.7281951191710066e-05
8099.629191329721	1.723792107544764e-05
8099.696277615673	1.7194059011374517e-05
8099.763363901626	1.7150364145360695e-05
8099.830450187578	1.7106835628695686e-05
8099.897536473531	1.7063472618047277e-05
8099.964622759483	1.702027427542078e-05
8100.0317090454355	1.6977239768118425e-05
8100.098795331388	1.6934368268699367e-05
8100.16588161734	1.6891658954939783e-05
8100.232967903293	1.6849111009793545e-05
8100.300054189246	1.6806723621353022e-05
8100.3671404751985	1.676449598281054e-05
8100.434226761151	1.6722427292419827e-05
8100.501313047103	1.6680516753457986e-05
8100.568399333056	1.6638763574187836e-05
8100.635485619008	1.6597166967820484e-05
8100.702571904961	1.6555726152478235e-05
8100.769658190913	1.651444035115787e-05
8100.8367444768655	1.647330879169423e-05
8100.903830762818	1.6432330706724132e-05
8100.97091704877	1.639150533365053e-05
8101.038003334723	1.6350831914607085e-05
8101.105089620675	1.6310309696422947e-05
8101.172175906628	1.626993793058789e-05
8101.23926219258	1.622971587321782e-05
8101.3063484785325	1.6189642785020432e-05
8101.373434764485	1.614971793126125e-05
8101.440521050437	1.6109940581729962e-05
8101.507607336391	1.6070310010707057e-05
8101.574693622343	1.6030825496930677e-05
8101.641779908296	1.599148632356381e-05
8101.708866194248	1.5952291778161784e-05
8101.7759524802	1.5913241152639986e-05
8101.843038766153	1.5874333743241906e-05
8101.910125052105	1.5835568850507385e-05
8101.977211338058	1.5796945779241235e-05
8102.04429762401	1.575846383848199e-05
8102.111383909963	1.5720122341471103e-05
8102.178470195915	1.5681920605622256e-05
8102.245556481867	1.5643857952490955e-05
8102.31264276782	1.5605933707744447e-05
8102.379729053772	1.556814720113185e-05
8102.446815339725	1.553049776645453e-05
8102.513901625677	1.5492984741536696e-05
8102.58098791163	1.5455607468196385e-05
8102.648074197583	1.541836529221648e-05
8102.715160483535	1.5381257563316172e-05
8102.782246769488	1.5344283635122527e-05
8102.84933305544	1.5307442865142363e-05
8102.916419341393	1.527073461473426e-05
8102.983505627345	1.523415824908103e-05
8103.0505919132975	1.5197713137162128e-05
8103.11767819925	1.5161398651726536e-05
8103.184764485202	1.5125214169265716e-05
8103.251850771155	1.5089159069986862e-05
8103.318937057107	1.5053232737786378e-05
8103.38602334306	1.5017434560223501e-05
8103.453109629012	1.49817639284943e-05
8103.5201959149645	1.494622023740568e-05
8103.587282200917	1.4910802885349816e-05
8103.654368486869	1.4875511274278601e-05
8103.721454772822	1.484034480967849e-05
8103.788541058775	1.4805302900545364e-05
8103.8556273447275	1.4770384959359794e-05
8103.92271363068	1.4735590402062365e-05
8103.989799916632	1.470091864802924e-05
8104.056886202585	1.4666369120047998e-05
8104.123972488537	1.4631941244293545e-05
8104.19105877449	1.4597634450304321e-05
8104.258145060442	1.4563448170958642e-05
8104.3252313463945	1.4529381842451317e-05
8104.392317632347	1.4495434904270341e-05
8104.459403918299	1.4461606799173878e-05
8104.526490204252	1.4427896973167397e-05
8104.593576490204	1.4394304875480953e-05
8104.660662776157	1.4360829958546684e-05
8104.727749062109	1.4327471677976576e-05
8104.7948353480615	1.4294229492540267e-05
8104.861921634014	1.426110286414308e-05
8104.929007919967	1.4228091257804297e-05
8104.99609420592	1.4195194141635531e-05
8105.063180491872	1.4162410986819307e-05
8105.1302667778245	1.412974126758779e-05
8105.197353063777	1.4097184461201741e-05
8105.264439349729	1.4064740047929588e-05
8105.331525635682	1.4032407511026695e-05
8105.398611921634	1.4000186336714763e-05
8105.465698207587	1.3968076014161444e-05
8105.532784493539	1.393607603546005e-05
8105.5998707794915	1.3904185895609547e-05
8105.666957065444	1.3872405092494566e-05
8105.734043351396	1.3840733126865654e-05
8105.801129637349	1.3809169502319684e-05
8105.868215923301	1.3777713725280395e-05
8105.935302209254	1.3746365304979073e-05
8106.002388495206	1.3715123753435427e-05
8106.069474781159	1.3683988585438634e-05
8106.136561067112	1.365295931852843e-05
8106.203647353064	1.3622035472976484e-05
8106.270733639017	1.3591216571767809e-05
8106.337819924969	1.3560502140582411e-05
8106.404906210922	1.352989170777696e-05
8106.471992496874	1.3499384804366808e-05
8106.539078782826	1.3468980964007897e-05
8106.606165068779	1.3438679722979033e-05
8106.673251354731	1.340848062016415e-05
8106.740337640684	1.3378383197034786e-05
8106.807423926636	1.334838699763268e-05
8106.874510212589	1.3318491568552487e-05
8106.941596498541	1.3288696458924671e-05
8107.008682784493	1.3259001220398478e-05
8107.075769070446	1.3229405407125098e-05
8107.142855356398	1.3199908575740894e-05
8107.209941642352	1.3170510285350852e-05
8107.277027928304	1.3141210097512021e-05
8107.3441142142565	1.3112007576217252e-05
8107.411200500209	1.3082902287878933e-05
8107.478286786161	1.3053893801312899e-05
8107.545373072114	1.3024981687722477e-05
8107.612459358066	1.2996165520682625e-05
8107.679545644019	1.2967444876124215e-05
8107.746631929971	1.2938819332318417e-05
8107.8137182159235	1.2910288469861242e-05
8107.880804501876	1.2881851871658174e-05
8107.947890787828	1.2853509122908902e-05
8108.014977073781	1.2825259811092237e-05
8108.082063359733	1.279710352595107e-05
8108.149149645686	1.2769039859477443e-05
8108.216235931638	1.2741068405897861e-05
8108.2833222175905	1.2713188761658565e-05
8108.350408503543	1.2685400525410943e-05
8108.417494789496	1.2657703297997174e-05
8108.484581075449	1.2630096682435828e-05
8108.551667361401	1.2602580283907655e-05
8108.6187536473535	1.2575153709741447e-05
8108.685839933306	1.2547816569400119e-05
8108.752926219258	1.2520568474466695e-05
8108.820012505211	1.2493409038630561e-05
8108.887098791163	1.2466337877673794e-05
8108.954185077116	1.2439354609457523e-05
8109.021271363068	1.24124588539085e-05
8109.0883576490205	1.2385650233005639e-05
8109.155443934973	1.235892837076683e-05
8109.222530220925	1.2332292893235683e-05
8109.289616506878	1.2305743428468471e-05
8109.35670279283	1.2279279606521139e-05
8109.423789078783	1.2252901059436444e-05
8109.490875364735	1.2226607421231096e-05
8109.557961650688	1.220039832788315e-05
8109.625047936641	1.2174273417319353e-05
8109.692134222593	1.2148232329402656e-05
8109.759220508546	1.212227470591978e-05
8109.826306794498	1.2096400190568945e-05
8109.893393080451	1.2070608428947598e-05
8109.960479366403	1.204489906854027e-05
8110.027565652355	1.2019271758706604e-05
8110.094651938308	1.1993726150669312e-05
8110.16173822426	1.1968261897502365e-05
8110.228824510213	1.1942878654119185e-05
8110.295910796165	1.1917576077260982e-05
8110.3629970821175	1.189235382548509e-05
8110.43008336807	1.1867211559153532e-05
8110.497169654022	1.1842148940421526e-05
8110.564255939975	1.1817165633226153e-05
8110.631342225927	1.1792261303275096e-05
8110.69842851188	1.1767435618035455e-05
8110.765514797833	1.174268824672264e-05
8110.832601083785	1.1718018860289341e-05
8110.899687369738	1.1693427131414635e-05
8110.96677365569	1.1668912734493094e-05
8111.033859941643	1.1644475345623996e-05
8111.100946227595	1.162011464260067e-05
8111.168032513548	1.1595830304899822e-05
8111.2351187995	1.1571622013671018e-05
8111.302205085452	1.1547489451726244e-05
8111.369291371405	1.1523432303529474e-05
8111.436377657357	1.1499450255186367e-05
8111.50346394331	1.1475542994434045e-05
8111.570550229262	1.1451710210630905e-05
8111.637636515215	1.1427951594746563e-05
8111.704722801167	1.1404266839351763e-05
8111.771809087119	1.1380655638608537e-05
8111.838895373072	1.1357117688260248e-05
8111.905981659025	1.133365268562182e-05
8111.973067944978	1.1310260329570006e-05
8112.04015423093	1.1286940320533743e-05
8112.1072405168825	1.1263692360484488e-05
8112.174326802835	1.1240516152926814e-05
8112.241413088787	1.1217411402888865e-05
8112.30849937474	1.119437781691301e-05
8112.375585660692	1.1171415103046492e-05
8112.442671946645	1.1148522970832224e-05
8112.509758232597	1.1125701131299572e-05
8112.5768445185495	1.1102949296955229e-05
8112.643930804502	1.1080267181774191e-05
8112.711017090454	1.1057654501190747e-05
8112.778103376407	1.1035110972089557e-05
8112.845189662359	1.1012636312796779e-05
8112.912275948312	1.0990230243071321e-05
8112.979362234264	1.0967892484096008e-05
8113.046448520217	1.0945622758469006e-05
8113.11353480617	1.0923420790195176e-05
8113.180621092122	1.0901286304677499e-05
8113.247707378075	1.0879219028708599e-05
8113.314793664027	1.085721869046235e-05
8113.3818799499795	1.083528501948543e-05
8113.448966235932	1.0813417746689073e-05
8113.516052521884	1.0791616604340798e-05
8113.583138807837	1.0769881326056202e-05
8113.650225093789	1.0748211646790838e-05
8113.717311379742	1.0726607302832116e-05
8113.784397665694	1.070506803179132e-05
8113.8514839516465	1.068359357259556e-05
8113.918570237599	1.0662183665479978e-05
8113.985656523551	1.0640838051979776e-05
8114.052742809504	1.0619556474922502e-05
8114.119829095456	1.0598338678420255e-05
8114.18691538141	1.0577184407862006e-05
8114.254001667362	1.0556093409905975e-05
8114.321087953314	1.0535065432472007e-05
8114.388174239267	1.0514100224734089e-05
8114.455260525219	1.0493197537112845e-05
8114.522346811172	1.04723571212681e-05
8114.589433097124	1.045157873009152e-05
8114.656519383077	1.0430862117699287e-05
8114.723605669029	1.0410207039424784e-05
8114.790691954981	1.0389613251811455e-05
8114.857778240934	1.0369080512605553e-05
8114.924864526886	1.034860858074905e-05
8114.991950812839	1.032819721637256e-05
8115.059037098791	1.03078461807883e-05
8115.126123384744	1.0287555236483137e-05
8115.193209670696	1.0267324147111613e-05
8115.260295956648	1.0247152677489121e-05
8115.327382242602	1.0227040593585034e-05
8115.394468528554	1.0206987662515912e-05
8115.461554814507	1.0186993652538784e-05
8115.528641100459	1.0167058333044449e-05
8115.595727386411	1.0147181474550776e-05
8115.662813672364	1.0127362848696193e-05
8115.729899958316	1.0107602228233055e-05
8115.796986244269	1.0087899387021145e-05
8115.864072530221	1.006825410002123e-05
8115.931158816174	1.0048666143288599e-05
8115.998245102126	1.0029135293966712e-05
8116.065331388078	1.0009661330280818e-05
8116.132417674031	9.990244031531733e-06
8116.199503959983	9.970883178089507e-06
8116.266590245936	9.951578551387272e-06
8116.333676531888	9.932329933915035e-06
8116.400762817841	9.913137109213578e-06
8116.467849103794	9.893999861868344e-06
8116.534935389746	9.87491797750343e-06
8116.602021675699	9.855891242775554e-06
8116.669107961651	9.83691944536811e-06
8116.736194247604	9.818002373985214e-06
8116.803280533556	9.799139818345868e-06
8116.8703668195085	9.780331569178085e-06
8116.937453105461	9.761577418213067e-06
8117.004539391413	9.742877158179501e-06
8117.071625677366	9.724230582797768e-06
8117.138711963318	9.705637486774292e-06
8117.205798249271	9.687097665795875e-06
8117.272884535223	9.668610916524096e-06
8117.3399708211755	9.650177036589697e-06
8117.407057107128	9.631795824587117e-06
8117.47414339308	9.61346708006892e-06
8117.541229679033	9.595190603540369e-06
8117.608315964985	9.576966196453985e-06
8117.6754022509385	9.55879366120416e-06
8117.742488536891	9.540672801121796e-06
8117.809574822843	9.522603420468977e-06
8117.876661108796	9.504585324433708e-06
8117.943747394748	9.486618319124636e-06
8118.010833680701	9.468702211565854e-06
8118.077919966653	9.450836809691701e-06
8118.1450062526055	9.43302192234164e-06
8118.212092538558	9.415257359255106e-06
8118.27917882451	9.397542931066474e-06
8118.346265110463	9.379878449299973e-06
8118.413351396415	9.36226372636469e-06
8118.480437682368	9.344698575549592e-06
8118.54752396832	9.327182811018565e-06
8118.6146102542725	9.309716247805527e-06
8118.681696540225	9.292298701809477e-06
8118.748782826177	9.274929989789758e-06
8118.815869112131	9.257609929361121e-06
8118.882955398083	9.240338338989009e-06
8118.950041684036	9.223115037984777e-06
8119.017127969988	9.205939846500964e-06
8119.08421425594	9.188812585526606e-06
8119.151300541893	9.171733076882554e-06
8119.218386827845	9.15470114321688e-06
8119.285473113798	9.137716608000222e-06
8119.35255939975	9.120779295521249e-06
8119.419645685703	9.103889030882085e-06
8119.486731971655	9.087045639993844e-06
8119.553818257607	9.070248949572065e-06
8119.62090454356	9.053498787132343e-06
8119.687990829512	9.036794980985834e-06
8119.755077115465	9.020137360234894e-06
8119.822163401417	9.00352575476868e-06
8119.88924968737	8.98695999525884e-06
8119.956335973322	8.97043991315516e-06
8120.023422259275	8.953965340681314e-06
8120.090508545228	8.937536110830565e-06
8120.15759483118	8.921152057361578e-06
8120.224681117133	8.904813014794176e-06
8120.291767403085	8.888518818405176e-06
8120.3588536890375	8.872269304224243e-06
8120.42593997499	8.856064309029745e-06
8120.493026260942	8.839903670344691e-06
8120.560112546895	8.823787226432623e-06
8120.627198832847	8.807714816293578e-06
8120.6942851188	8.79168627966008e-06
8120.761371404752	8.77570145699313e-06
8120.828457690704	8.759760189478256e-06
8120.895543976657	8.743862319021528e-06
8120.962630262609	8.728007688245682e-06
8121.029716548562	8.712196140486208e-06
8121.096802834514	8.696427519787476e-06
8121.1638891204675	8.680701670898903e-06
8121.23097540642	8.665018439271112e-06
8121.298061692372	8.649377671052136e-06
8121.365147978325	8.633779213083679e-06
8121.432234264277	8.618222912897328e-06
8121.49932055023	8.602708618710844e-06
8121.566406836182	8.587236179424462e-06
8121.6334931221345	8.571805444617194e-06
8121.700579408087	8.556416264543196e-06
8121.767665694039	8.54106849012812e-06
8121.834751979992	8.525761972965515e-06
8121.901838265944	8.51049656531323e-06
8121.968924551897	8.495272120089853e-06
8122.036010837849	8.480088490871159e-06
8122.1030971238015	8.464945531886618e-06
8122.170183409754	8.449843098015841e-06
8122.237269695706	8.434781044785179e-06
8122.30435598166	8.419759228364199e-06
8122.371442267612	8.404777505562294e-06
8122.4385285535645	8.389835733825242e-06
8122.505614839517	8.374933771231842e-06
8122.572701125469	8.360071476490516e-06
8122.639787411422	8.345248708935978e-06
8122.706873697374	8.33046532852591e-06
8122.773959983327	8.315721195837632e-06
8122.841046269279	8.301016172064848e-06
8122.9081325552315	8.286350119014333e-06
8122.975218841184	8.271722899102738e-06
8123.042305127136	8.25713437535332e-06
8123.109391413089	8.242584411392767e-06
8123.176477699041	8.22807287144799e-06
8123.243563984994	8.21359962034296e-06
8123.310650270946	8.199164523495571e-06
8123.3777365568985	8.184767446914501e-06
8123.444822842852	8.1704082571961e-06
8123.511909128804	8.15608682152131e-06
8123.578995414757	8.141803007652589e-06
8123.646081700709	8.12755668393085e-06
8123.713167986662	8.113347719272441e-06
8123.780254272614	8.099175983166133e-06
8123.847340558566	8.085041345670099e-06
8123.914426844519	8.070943677408943e-06
8123.981513130471	8.056882849570771e-06
8124.048599416424	8.042858733904212e-06
8124.115685702376	8.028871202715497e-06
8124.182771988329	8.01492012886558e-06
8124.249858274281	8.00100538576721e-06
8124.316944560233	7.987126847382102e-06
8124.384030846186	7.973284388218034e-06
8124.451117132138	7.959477883326054e-06
8124.518203418091	7.945707208297641e-06
8124.585289704044	7.931972239261898e-06
8124.6523759899965	7.91827285288278e-06
8124.719462275949	7.904608926356318e-06
8124.786548561901	7.890980337407856e-06
8124.853634847854	7.877386964289334e-06
8124.920721133806	7.863828685776567e-06
8124.987807419759	7.850305381166527e-06
8125.054893705711	7.836816930274671e-06
8125.1219799916635	7.823363213432261e-06
8125.189066277616	7.809944111483725e-06
8125.256152563568	7.796559505783998e-06
8125.323238849521	7.783209278195913e-06
8125.390325135473	7.769893311087592e-06
8125.457411421426	7.756611487329859e-06
8125.524497707378	7.743363690293646e-06
8125.5915839933305	7.730149803847463e-06
8125.658670279283	7.716969712354818e-06
8125.725756565236	7.703823300671716e-06
8125.792842851189	7.690710454144131e-06
8125.859929137141	7.67763105860551e-06
8125.9270154230935	7.664585000374287e-06
8125.994101709046	7.651572166251407e-06
8126.061187994998	7.638592443517876e-06
8126.128274280951	7.625645719932321e-06
8126.195360566903	7.612731883728572e-06
8126.262446852856	7.5998508236132195e-06
8126.329533138808	7.587002428763257e-06
8126.3966194247605	7.574186588823662e-06
8126.463705710713	7.56140319390506e-06
8126.530791996665	7.54865213458133e-06
8126.597878282618	7.5359333018872955e-06
8126.66496456857	7.523246587316386e-06
8126.732050854523	7.510591882818314e-06
8126.799137140475	7.497969080796787e-06
8126.8662234264275	7.485378074107216e-06
8126.933309712381	7.472818756054438e-06
8127.000395998333	7.460291020390461e-06
8127.067482284286	7.447794761312208e-06
8127.134568570238	7.435329873459304e-06
8127.2016548561905	7.422896251911822e-06
8127.268741142143	7.410493792188112e-06
8127.335827428095	7.398122390242585e-06
8127.402913714048	7.385781942463514e-06
8127.47	7.373472345670912e-06
