-1000 0.000125614 
-989.95 0.000128088 
-979.899 0.000130636 
-969.849 0.00013326 
-959.799 0.000135965 
-949.749 0.000138753 
-939.698 0.000141628 
-929.648 0.000144594 
-919.598 0.000147654 
-909.548 0.000150813 
-899.497 0.000154074 
-889.447 0.000157442 
-879.397 0.000160922 
-869.347 0.00016452 
-859.297 0.000168239 
-849.246 0.000172087 
-839.196 0.000176068 
-829.146 0.00018019 
-819.095 0.000184458 
-809.045 0.00018888 
-798.995 0.000193463 
-788.945 0.000198216 
-778.894 0.000203146 
-768.844 0.000208263 
-758.794 0.000213576 
-748.744 0.000219096 
-738.693 0.000224833 
-728.643 0.000230798 
-718.593 0.000237005 
-708.543 0.000243466 
-698.492 0.000250196 
-688.442 0.000257209 
-678.392 0.000264521 
-668.342 0.000272151 
-658.291 0.000280116 
-648.241 0.000288437 
-638.191 0.000297135 
-628.141 0.000306233 
-618.09 0.000315756 
-608.04 0.000325731 
-597.99 0.000336187 
-587.94 0.000347156 
-577.889 0.000358672 
-567.839 0.000370771 
-557.789 0.000383495 
-547.739 0.000396885 
-537.688 0.000410991 
-527.638 0.000425863 
-517.588 0.000441559 
-507.538 0.000458141 
-497.487 0.000475676 
-487.437 0.000494239 
-477.387 0.000513912 
-467.337 0.000534785 
-457.286 0.000556958 
-447.236 0.000580542 
-437.186 0.000605658 
-427.136 0.000632442 
-417.085 0.000661046 
-407.035 0.000691638 
-396.985 0.000724407 
-386.935 0.000759565 
-376.884 0.00079735 
-366.834 0.00083803 
-356.784 0.000881909 
-346.734 0.000929331 
-336.683 0.00098069 
-326.633 0.00103643 
-316.583 0.00109707 
-306.533 0.0011632 
-296.482 0.00123551 
-286.432 0.00131478 
-276.382 0.00140194 
-266.332 0.00149808 
-256.281 0.00160447 
-246.231 0.00172263 
-236.181 0.00185435 
-226.131 0.00200181 
-216.08 0.00216761 
-206.03 0.00235493 
-195.98 0.00256767 
-185.93 0.00281063 
-175.879 0.00308986 
-165.829 0.00341293 
-155.779 0.00378956 
-145.729 0.0042323 
-135.678 0.00475759 
-125.628 0.00538737 
-115.578 0.00615136 
-105.528 0.00709072 
-95.4774 0.0082637 
-85.4271 0.00975505 
-75.3769 0.0116919 
-65.3266 0.0142721 
-55.2764 0.017818 
-45.2261 0.0228841 
-35.1759 0.0304939 
-25.1256 0.0427213 
-15.0754 0.0643516 
-5.02513 0.108857 
5.02513 0.23084 
15.0754 1.31112 
25.1256 1.86354 
35.1759 1.80464 
45.2261 1.56317 
55.2764 0.327045 
65.3266 0.134716 
75.3769 0.0753066 
85.4271 0.0484234 
95.4774 0.0338469 
105.528 0.0250238 
115.578 0.0192664 
125.628 0.0152973 
135.678 0.0124434 
145.729 0.0103217 
155.779 0.00870105 
165.829 0.00743487 
175.879 0.00642667 
185.93 0.00561074 
195.98 0.00494106 
206.03 0.00438461 
216.08 0.00391721 
226.131 0.0035208 
236.181 0.00318169 
246.231 0.00288933 
256.281 0.00263551 
266.332 0.00241373 
276.382 0.00221882 
286.432 0.0020466 
296.482 0.00189368 
306.533 0.00175728 
316.583 0.0016351 
326.633 0.00152523 
336.683 0.00142607 
346.734 0.00133628 
356.784 0.0012547 
366.834 0.00118037 
376.884 0.00111245 
386.935 0.00105023 
396.985 0.000993082 
407.035 0.000940472 
417.085 0.000891933 
427.136 0.000847054 
437.186 0.000805477 
447.236 0.000766885 
457.286 0.000731 
467.337 0.000697575 
477.387 0.000666388 
487.437 0.000637246 
497.487 0.000609972 
507.538 0.000584411 
517.588 0.000560422 
527.638 0.000537879 
537.688 0.000516669 
547.739 0.000496687 
557.789 0.000477841 
567.839 0.000460046 
577.889 0.000443226 
587.94 0.000427311 
597.99 0.000412237 
608.04 0.000397946 
618.09 0.000384385 
628.141 0.000371504 
638.191 0.000359259 
648.241 0.000347608 
658.291 0.000336515 
668.342 0.000325944 
678.392 0.000315862 
688.442 0.00030624 
698.492 0.000297051 
708.543 0.000288269 
718.593 0.000279869 
728.643 0.000271831 
738.693 0.000264134 
748.744 0.000256759 
758.794 0.000249688 
768.844 0.000242904 
778.894 0.000236393 
788.945 0.000230139 
798.995 0.000224131 
809.045 0.000218353 
819.095 0.000212797 
829.146 0.000207449 
839.196 0.0002023 
849.246 0.000197339 
859.297 0.000192559 
869.347 0.00018795 
879.397 0.000183504 
889.447 0.000179214 
899.497 0.000175072 
909.548 0.000171072 
919.598 0.000167207 
929.648 0.000163471 
939.698 0.000159859 
949.749 0.000156365 
959.799 0.000152984 
969.849 0.000149712 
979.899 0.000146543 
989.95 0.000143473 
1000 0.000140499 
