     -1000.00  0.000687463
     -989.950  0.000700157
     -979.899  0.000713205
     -969.849  0.000726623
     -959.799  0.000740423
     -949.749  0.000754620
     -939.698  0.000769230
     -929.648  0.000784269
     -919.598  0.000799754
     -909.548  0.000815702
     -899.497  0.000832133
     -889.447  0.000849066
     -879.397  0.000866521
     -869.347  0.000884521
     -859.297  0.000903088
     -849.246  0.000922246
     -839.196  0.000942022
     -829.146  0.000962440
     -819.095  0.000983531
     -809.045   0.00100532
     -798.995   0.00102785
     -788.945   0.00105114
     -778.894   0.00107523
     -768.844   0.00110017
     -758.794   0.00112598
     -748.744   0.00115271
     -738.693   0.00118041
     -728.643   0.00120911
     -718.593   0.00123888
     -708.543   0.00126976
     -698.492   0.00130182
     -688.442   0.00133510
     -678.392   0.00136968
     -668.342   0.00140562
     -658.291   0.00144299
     -648.241   0.00148188
     -638.191   0.00152237
     -628.141   0.00156453
     -618.090   0.00160848
     -608.040   0.00165431
     -597.990   0.00170213
     -587.940   0.00175205
     -577.889   0.00180420
     -567.839   0.00185873
     -557.789   0.00191576
     -547.739   0.00197547
     -537.688   0.00203801
     -527.638   0.00210358
     -517.588   0.00217237
     -507.538   0.00224459
     -497.487   0.00232048
     -487.437   0.00240030
     -477.387   0.00248431
     -467.337   0.00257282
     -457.286   0.00266615
     -447.236   0.00276466
     -437.186   0.00286875
     -427.136   0.00297884
     -417.085   0.00309540
     -407.035   0.00321895
     -396.985   0.00335007
     -386.935   0.00348939
     -376.884   0.00363760
     -366.834   0.00379548
     -356.784   0.00396390
     -346.734   0.00414380
     -336.683   0.00433627
     -326.633   0.00454251
     -316.583   0.00476387
     -306.533   0.00500185
     -296.482   0.00525819
     -286.432   0.00553481
     -276.382   0.00583393
     -266.332   0.00615807
     -256.281   0.00651010
     -246.231   0.00689333
     -236.181   0.00731157
     -226.131   0.00776925
     -216.080   0.00827151
     -206.030   0.00882437
     -195.980   0.00943488
     -185.930    0.0101114
     -175.879    0.0108639
     -165.829    0.0117043
     -155.779    0.0126468
     -145.729    0.0137089
     -135.678    0.0149120
     -125.628    0.0162823
     -115.578    0.0178526
     -105.528    0.0196646
     -95.4774    0.0217709
     -85.4271    0.0242402
     -75.3769    0.0271624
     -65.3266    0.0306575
     -55.2764    0.0348896
     -45.2261    0.0400870
     -35.1759    0.0465773
     -25.1256    0.0548450
     -15.0754    0.0656357
     -5.02513    0.0801555
      5.02513     0.100485
      15.0754     0.130546
      25.1256     0.178757
      35.1759     0.267453
      45.2261     0.479014
      55.2764     0.704052
      65.3266     0.731903
      75.3769     0.733690
      85.4271     0.740880
      95.4774     0.762644
      105.528     0.743735
      115.578     0.666984
      125.628     0.582739
      135.678     0.506825
      145.729     0.428268
      155.779     0.342577
      165.829     0.259027
      175.879     0.192059
      185.930     0.144738
      195.980     0.112170
      206.030    0.0893212
      216.080    0.0728009
      226.131    0.0604982
      236.181    0.0510945
      246.231    0.0437438
      256.281    0.0378868
      266.332    0.0331424
      276.382    0.0292440
      286.432    0.0260006
      296.482    0.0232724
      306.533    0.0209552
      316.583    0.0189698
      326.633    0.0172555
      336.683    0.0157649
      346.734    0.0144604
      356.784    0.0133122
      366.834    0.0122962
      376.884    0.0113927
      386.935    0.0105857
      396.985   0.00986180
      407.035   0.00920998
      417.085   0.00862093
      427.136   0.00808682
      437.186   0.00760101
      447.236   0.00715782
      457.286   0.00675239
      467.337   0.00638055
      477.387   0.00603868
      487.437   0.00572363
      497.487   0.00543266
      507.538   0.00516337
      517.588   0.00491366
      527.638   0.00468167
      537.688   0.00446576
      547.739   0.00426448
      557.789   0.00407652
      567.839   0.00390074
      577.889   0.00373611
      587.940   0.00358170
      597.990   0.00343668
      608.040   0.00330030
      618.090   0.00317190
      628.141   0.00305085
      638.191   0.00293661
      648.241   0.00282867
      658.291   0.00272659
      668.342   0.00262994
      678.392   0.00253834
      688.442   0.00245145
      698.492   0.00236895
      708.543   0.00229054
      718.593   0.00221597
      728.643   0.00214499
      738.693   0.00207736
      748.744   0.00201289
      758.794   0.00195137
      768.844   0.00189263
      778.894   0.00183651
      788.945   0.00178285
      798.995   0.00173150
      809.045   0.00168235
      819.095   0.00163526
      829.146   0.00159011
      839.196   0.00154682
      849.246   0.00150527
      859.297   0.00146537
      869.347   0.00142704
      879.397   0.00139019
      889.447   0.00135475
      899.497   0.00132065
      909.548   0.00128782
      919.598   0.00125620
      929.648   0.00122574
      939.698   0.00119636
      949.749   0.00116803
      959.799   0.00114070
      969.849   0.00111431
      979.899   0.00108883
      989.950   0.00106421
      1000.00   0.00104042