-1000 0.000126601 
-996.661 0.000127421 
-993.322 0.000128249 
-989.983 0.000129085 
-986.644 0.00012993 
-983.305 0.000130783 
-979.967 0.000131644 
-976.628 0.000132514 
-973.289 0.000133392 
-969.95 0.000134279 
-966.611 0.000135176 
-963.272 0.000136081 
-959.933 0.000136995 
-956.594 0.000137919 
-953.255 0.000138852 
-949.917 0.000139794 
-946.578 0.000140746 
-943.239 0.000141708 
-939.9 0.00014268 
-936.561 0.000143662 
-933.222 0.000144654 
-929.883 0.000145657 
-926.544 0.00014667 
-923.205 0.000147693 
-919.866 0.000148727 
-916.528 0.000149773 
-913.189 0.000150829 
-909.85 0.000151897 
-906.511 0.000152976 
-903.172 0.000154066 
-899.833 0.000155169 
-896.494 0.000156283 
-893.155 0.000157409 
-889.816 0.000158548 
-886.477 0.000159699 
-883.139 0.000160862 
-879.8 0.000162039 
-876.461 0.000163228 
-873.122 0.000164431 
-869.783 0.000165647 
-866.444 0.000166876 
-863.105 0.000168119 
-859.766 0.000169376 
-856.427 0.000170648 
-853.089 0.000171934 
-849.75 0.000173234 
-846.411 0.000174549 
-843.072 0.00017588 
-839.733 0.000177225 
-836.394 0.000178587 
-833.055 0.000179964 
-829.716 0.000181357 
-826.377 0.000182766 
-823.038 0.000184192 
-819.7 0.000185634 
-816.361 0.000187094 
-813.022 0.000188571 
-809.683 0.000190066 
-806.344 0.000191578 
-803.005 0.000193109 
-799.666 0.000194658 
-796.327 0.000196226 
-792.988 0.000197812 
-789.649 0.000199419 
-786.311 0.000201045 
-782.972 0.000202691 
-779.633 0.000204357 
-776.294 0.000206044 
-772.955 0.000207752 
-769.616 0.000209481 
-766.277 0.000211232 
-762.938 0.000213006 
-759.599 0.000214801 
-756.26 0.00021662 
-752.922 0.000218461 
-749.583 0.000220327 
-746.244 0.000222216 
-742.905 0.00022413 
-739.566 0.000226069 
-736.227 0.000228033 
-732.888 0.000230023 
-729.549 0.000232039 
-726.21 0.000234082 
-722.871 0.000236152 
-719.533 0.000238249 
-716.194 0.000240375 
-712.855 0.000242529 
-709.516 0.000244713 
-706.177 0.000246926 
-702.838 0.000249169 
-699.499 0.000251443 
-696.16 0.000253749 
-692.821 0.000256086 
-689.482 0.000258456 
-686.144 0.000260859 
-682.805 0.000263296 
-679.466 0.000265767 
-676.127 0.000268273 
-672.788 0.000270815 
-669.449 0.000273393 
-666.11 0.000276008 
-662.771 0.000278661 
-659.432 0.000281353 
-656.094 0.000284083 
-652.755 0.000286854 
-649.416 0.000289666 
-646.077 0.000292519 
-642.738 0.000295415 
-639.399 0.000298354 
-636.06 0.000301337 
-632.721 0.000304365 
-629.382 0.000307439 
-626.043 0.00031056 
-622.705 0.000313729 
-619.366 0.000316947 
-616.027 0.000320214 
-612.688 0.000323533 
-609.349 0.000326903 
-606.01 0.000330327 
-602.671 0.000333804 
-599.332 0.000337337 
-595.993 0.000340927 
-592.654 0.000344574 
-589.316 0.00034828 
-585.977 0.000352046 
-582.638 0.000355874 
-579.299 0.000359764 
-575.96 0.000363719 
-572.621 0.00036774 
-569.282 0.000371828 
-565.943 0.000375984 
-562.604 0.000380211 
-559.265 0.000384509 
-555.927 0.000388881 
-552.588 0.000393328 
-549.249 0.000397852 
-545.91 0.000402454 
-542.571 0.000407137 
-539.232 0.000411902 
-535.893 0.000416751 
-532.554 0.000421687 
-529.215 0.000426711 
-525.876 0.000431826 
-522.538 0.000437033 
-519.199 0.000442335 
-515.86 0.000447735 
-512.521 0.000453234 
-509.182 0.000458835 
-505.843 0.000464541 
-502.504 0.000470354 
-499.165 0.000476277 
-495.826 0.000482313 
-492.487 0.000488464 
-489.149 0.000494734 
-485.81 0.000501126 
-482.471 0.000507642 
-479.132 0.000514287 
-475.793 0.000521063 
-472.454 0.000527974 
-469.115 0.000535024 
-465.776 0.000542216 
-462.437 0.000549555 
-459.099 0.000557043 
-455.76 0.000564686 
-452.421 0.000572488 
-449.082 0.000580453 
-445.743 0.000588585 
-442.404 0.00059689 
-439.065 0.000605372 
-435.726 0.000614036 
-432.387 0.000622888 
-429.048 0.000631933 
-425.71 0.000641176 
-422.371 0.000650625 
-419.032 0.000660284 
-415.693 0.00067016 
-412.354 0.000680259 
-409.015 0.000690589 
-405.676 0.000701156 
-402.337 0.000711968 
-398.998 0.000723033 
-395.659 0.000734358 
-392.321 0.000745951 
-388.982 0.000757821 
-385.643 0.000769977 
-382.304 0.000782429 
-378.965 0.000795186 
-375.626 0.000808257 
-372.287 0.000821654 
-368.948 0.000835387 
-365.609 0.000849468 
-362.27 0.000863909 
-358.932 0.000878721 
-355.593 0.000893918 
-352.254 0.000909513 
-348.915 0.000925521 
-345.576 0.000941955 
-342.237 0.000958832 
-338.898 0.000976166 
-335.559 0.000993976 
-332.22 0.00101228 
-328.881 0.00103109 
-325.543 0.00105044 
-322.204 0.00107033 
-318.865 0.00109079 
-315.526 0.00111185 
-312.187 0.00113353 
-308.848 0.00115584 
-305.509 0.00117882 
-302.17 0.0012025 
-298.831 0.0012269 
-295.492 0.00125204 
-292.154 0.00127797 
-288.815 0.00130472 
-285.476 0.00133231 
-282.137 0.00136079 
-278.798 0.0013902 
-275.459 0.00142057 
-272.12 0.00145194 
-268.781 0.00148437 
-265.442 0.0015179 
-262.104 0.00155258 
-258.765 0.00158846 
-255.426 0.00162561 
-252.087 0.00166407 
-248.748 0.00170392 
-245.409 0.00174522 
-242.07 0.00178804 
-238.731 0.00183245 
-235.392 0.00187855 
-232.053 0.00192641 
-228.715 0.00197612 
-225.376 0.00202779 
-222.037 0.00208151 
-218.698 0.0021374 
-215.359 0.00219557 
-212.02 0.00225616 
-208.681 0.00231929 
-205.342 0.00238511 
-202.003 0.00245378 
-198.664 0.00252546 
-195.326 0.00260033 
-191.987 0.00267859 
-188.648 0.00276044 
-185.309 0.00284611 
-181.97 0.00293584 
-178.631 0.00302988 
-175.292 0.00312852 
-171.953 0.00323207 
-168.614 0.00334085 
-165.275 0.00345523 
-161.937 0.00357559 
-158.598 0.00370237 
-155.259 0.00383602 
-151.92 0.00397706 
-148.581 0.00412603 
-145.242 0.00428356 
-141.903 0.00445029 
-138.564 0.00462698 
-135.225 0.00481442 
-131.886 0.00501352 
-128.548 0.00522525 
-125.209 0.00545072 
-121.87 0.00569113 
-118.531 0.00594786 
-115.192 0.00622239 
-111.853 0.00651644 
-108.514 0.00683189 
-105.175 0.00717088 
-101.836 0.00753582 
-98.4975 0.00792943 
-95.1586 0.00835481 
-91.8197 0.00881548 
-88.4808 0.00931547 
-85.1419 0.0098594 
-81.803 0.0104526 
-78.4641 0.0111012 
-75.1252 0.0118124 
-71.7863 0.0125945 
-68.4474 0.0134574 
-65.1085 0.0144126 
-61.7696 0.0154737 
-58.4307 0.0166573 
-55.0918 0.0179831 
-51.7529 0.0194748 
-48.414 0.0211616 
-45.0751 0.0230794 
-41.7362 0.0252728 
-38.3973 0.0277977 
-35.0584 0.0307253 
-31.7195 0.0341471 
-28.3806 0.0381826 
-25.0417 0.0429904 
-21.7028 0.0487844 
-18.3639 0.0558603 
-15.025 0.0646359 
-11.6861 0.0757197 
-8.34725 0.0900287 
-5.00835 0.109007 
-1.66945 0.135055 
1.66945 0.172462 
5.00835 0.229724 
8.34725 0.326548 
11.6861 0.524737 
15.025 1.28573 
18.3639 1.85299 
21.7028 1.86957 
25.0417 1.86304 
28.3806 1.84967 
31.7195 1.83095 
35.0584 1.80557 
38.3973 1.76933 
41.7362 1.71084 
45.0751 1.58406 
48.414 1.11189 
51.7529 0.561077 
55.0918 0.344254 
58.4307 0.239846 
61.7696 0.178892 
65.1085 0.13943 
68.4474 0.112134 
71.7863 0.0923475 
75.1252 0.077489 
78.4641 0.0660177 
81.803 0.0569601 
85.1419 0.049674 
88.4808 0.0437197 
91.8197 0.0387877 
95.1586 0.0346543 
98.4975 0.0311542 
101.836 0.0281634 
105.175 0.0255868 
108.514 0.0233508 
111.853 0.0213974 
115.192 0.0196808 
118.531 0.0181639 
121.87 0.0168167 
125.209 0.0156147 
128.548 0.0145378 
131.886 0.0135689 
135.225 0.0126942 
138.564 0.0119016 
141.903 0.0111813 
145.242 0.0105247 
148.581 0.00992444 
151.92 0.00937423 
155.259 0.00886866 
158.598 0.00840301 
161.937 0.00797318 
165.275 0.00757557 
168.614 0.00720704 
171.953 0.00686481 
175.292 0.00654644 
178.631 0.00624975 
181.97 0.00597281 
185.309 0.00571391 
188.648 0.0054715 
191.987 0.00524423 
195.326 0.00503084 
198.664 0.00483023 
202.003 0.0046414 
205.342 0.00446344 
208.681 0.00429554 
212.02 0.00413694 
215.359 0.00398697 
218.698 0.00384502 
222.037 0.00371052 
225.376 0.00358297 
228.715 0.00346188 
232.053 0.00334684 
235.392 0.00323744 
238.731 0.00313331 
242.07 0.00303414 
245.409 0.0029396 
248.748 0.00284942 
252.087 0.00276332 
255.426 0.00268107 
258.765 0.00260244 
262.104 0.00252722 
265.442 0.00245521 
268.781 0.00238624 
272.12 0.00232014 
275.459 0.00225674 
278.798 0.00219591 
282.137 0.00213751 
285.476 0.0020814 
288.815 0.00202748 
292.154 0.00197563 
295.492 0.00192573 
298.831 0.00187771 
302.17 0.00183146 
305.509 0.0017869 
308.848 0.00174394 
312.187 0.00170252 
315.526 0.00166255 
318.865 0.00162397 
322.204 0.00158672 
325.543 0.00155074 
328.881 0.00151597 
332.22 0.00148235 
335.559 0.00144984 
338.898 0.00141839 
342.237 0.00138795 
345.576 0.00135848 
348.915 0.00132993 
352.254 0.00130228 
355.593 0.00127548 
358.932 0.0012495 
362.27 0.00122431 
365.609 0.00119986 
368.948 0.00117615 
372.287 0.00115313 
375.626 0.00113077 
378.965 0.00110906 
382.304 0.00108797 
385.643 0.00106748 
388.982 0.00104756 
392.321 0.00102819 
395.659 0.00100935 
398.998 0.00099103 
402.337 0.0009732 
405.676 0.000955847 
409.015 0.000938953 
412.354 0.000922503 
415.693 0.000906482 
419.032 0.000890874 
422.371 0.000875665 
425.71 0.000860842 
429.048 0.000846392 
432.387 0.000832303 
435.726 0.000818562 
439.065 0.000805159 
442.404 0.000792082 
445.743 0.00077932 
449.082 0.000766865 
452.421 0.000754705 
455.76 0.000742832 
459.099 0.000731237 
462.437 0.000719911 
465.776 0.000708846 
469.115 0.000698034 
472.454 0.000687467 
475.793 0.000677138 
479.132 0.00066704 
482.471 0.000657166 
485.81 0.000647509 
489.149 0.000638064 
492.487 0.000628823 
495.826 0.000619782 
499.165 0.000610934 
502.504 0.000602274 
505.843 0.000593796 
509.182 0.000585496 
512.521 0.000577369 
515.86 0.00056941 
519.199 0.000561614 
522.538 0.000553977 
525.876 0.000546494 
529.215 0.000539162 
532.554 0.000531976 
535.893 0.000524933 
539.232 0.000518029 
542.571 0.000511259 
545.91 0.000504622 
549.249 0.000498113 
552.588 0.000491728 
555.927 0.000485466 
559.265 0.000479322 
562.604 0.000473294 
565.943 0.000467379 
569.282 0.000461574 
572.621 0.000455877 
575.96 0.000450284 
579.299 0.000444793 
582.638 0.000439402 
585.977 0.000434108 
589.316 0.000428909 
592.654 0.000423803 
595.993 0.000418788 
599.332 0.000413861 
602.671 0.00040902 
606.01 0.000404263 
609.349 0.000399589 
612.688 0.000394996 
616.027 0.000390481 
619.366 0.000386043 
622.705 0.00038168 
626.043 0.00037739 
629.382 0.000373173 
632.721 0.000369025 
636.06 0.000364946 
639.399 0.000360935 
642.738 0.000356989 
646.077 0.000353107 
649.416 0.000349288 
652.755 0.000345531 
656.094 0.000341834 
659.432 0.000338196 
662.771 0.000334615 
666.11 0.000331091 
669.449 0.000327623 
672.788 0.000324208 
676.127 0.000320847 
679.466 0.000317537 
682.805 0.000314278 
686.144 0.00031107 
689.482 0.00030791 
692.821 0.000304797 
696.16 0.000301732 
699.499 0.000298713 
702.838 0.000295738 
706.177 0.000292808 
709.516 0.000289921 
712.855 0.000287077 
716.194 0.000284274 
719.533 0.000281511 
722.871 0.000278789 
726.21 0.000276106 
729.549 0.000273462 
732.888 0.000270855 
736.227 0.000268285 
739.566 0.000265752 
742.905 0.000263254 
746.244 0.000260792 
749.583 0.000258363 
752.922 0.000255969 
756.26 0.000253607 
759.599 0.000251278 
762.938 0.000248981 
766.277 0.000246715 
769.616 0.00024448 
772.955 0.000242275 
776.294 0.000240099 
779.633 0.000237953 
782.972 0.000235835 
786.311 0.000233746 
789.649 0.000231684 
792.988 0.000229649 
796.327 0.000227641 
799.666 0.000225659 
803.005 0.000223703 
806.344 0.000221772 
809.683 0.000219866 
813.022 0.000217984 
816.361 0.000216126 
819.7 0.000214292 
823.038 0.000212481 
826.377 0.000210693 
829.716 0.000208927 
833.055 0.000207184 
836.394 0.000205462 
839.733 0.000203761 
843.072 0.000202082 
846.411 0.000200423 
849.75 0.000198784 
853.089 0.000197165 
856.427 0.000195566 
859.766 0.000193987 
863.105 0.000192426 
866.444 0.000190884 
869.783 0.000189361 
873.122 0.000187855 
876.461 0.000186368 
879.8 0.000184898 
883.139 0.000183445 
886.477 0.000182009 
889.816 0.00018059 
893.155 0.000179188 
896.494 0.000177802 
899.833 0.000176432 
903.172 0.000175077 
906.511 0.000173738 
909.85 0.000172414 
913.189 0.000171106 
916.528 0.000169812 
919.866 0.000168533 
923.205 0.000167268 
926.544 0.000166017 
929.883 0.00016478 
933.222 0.000163557 
936.561 0.000162348 
939.9 0.000161152 
943.239 0.000159969 
946.578 0.000158799 
949.917 0.000157641 
953.255 0.000156497 
956.594 0.000155364 
959.933 0.000154244 
963.272 0.000153136 
966.611 0.00015204 
969.95 0.000150955 
973.289 0.000149882 
976.628 0.000148821 
979.967 0.00014777 
983.305 0.000146731 
986.644 0.000145703 
989.983 0.000144685 
993.322 0.000143678 
996.661 0.000142681 
1000 0.000141695 
